7516800, 316.19
8121600, 317.31
8726400, 317.69
9331200, 317.58
9936000, 316.48
10540800, 316.95
11750400, 317.56
12355200, 317.99
15984000, 315.85
16588800, 315.85
17193600, 315.46
17798400, 315.59
18403200, 315.64
19008000, 315.1
19612800, 315.09
20822400, 314.14
21427200, 313.54
26870400, 313.05
27475200, 313.26
28080000, 313.57
28684800, 314.01
29289600, 314.56
29894400, 314.41
30499200, 314.77
31104000, 315.21
31708800, 315.24
32313600, 315.5
32918400, 315.69
33523200, 315.86
34128000, 315.42
35337600, 316.94
35942400, 316.61
36547200, 316.62
37152000, 316.81
38361600, 316.73
38966400, 316.71
39571200, 317.72
40176000, 317.12
40780800, 317.64
41385600, 318.32
41990400, 318.27
42595200, 318.78
43200000, 318.05
43804800, 318.43
45014400, 318.53
45619200, 318.14
46224000, 317.88
46828800, 317.76
47433600, 316.86
48038400, 316.83
48643200, 316.45
49248000, 316.16
49852800, 315.62
50457600, 314.91
51667200, 315.0
52272000, 314.15
52876800, 314.45
53481600, 313.93
54086400, 313.57
54691200, 313.54
55296000, 313.04
55900800, 313.15
56505600, 313.43
57110400, 313.46
57715200, 314.12
58320000, 314.42
58924800, 314.88
59529600, 315.2
60134400, 315.11
60739200, 315.06
61344000, 315.64
61948800, 315.86
62553600, 315.77
63158400, 315.72
63763200, 316.4
64368000, 316.73
64972800, 316.57
65577600, 316.68
66182400, 316.61
66787200, 316.98
67392000, 317.42
67996800, 317.0
68601600, 316.96
69206400, 317.76
69811200, 318.07
70416000, 317.77
71020800, 318.61
71625600, 319.34
72230400, 319.01
72835200, 319.03
73440000, 319.77
74044800, 319.96
74649600, 319.82
75254400, 320.04
75859200, 320.06
76464000, 319.46
77068800, 320.08
77673600, 319.42
78278400, 319.09
78883200, 318.18
79488000, 318.64
80092800, 318.41
80697600, 317.91
81302400, 317.33
81907200, 316.62
82512000, 316.7
83116800, 315.1
83721600, 314.78
84326400, 314.72
84931200, 314.58
85536000, 314.28
86140800, 313.33
86745600, 313.66
87350400, 313.32
87955200, 313.92
88560000, 314.21
89164800, 314.29
89769600, 314.5
90374400, 315.1
90979200, 315.1
91584000, 315.41
92188800, 315.84
92793600, 316.07
93398400, 316.21
94003200, 316.4
94608000, 316.67
95212800, 316.73
95817600, 317.02
96422400, 317.03
97027200, 317.01
97632000, 317.06
98236800, 317.75
98841600, 317.94
99446400, 318.0
100051200, 318.04
100656000, 318.51
101260800, 318.92
101865600, 318.71
102470400, 319.41
103075200, 319.55
103680000, 318.9
104284800, 319.74
104889600, 319.67
105494400, 320.67
106099200, 320.46
106704000, 320.61
107308800, 320.36
107913600, 320.09
108518400, 320.02
109123200, 319.62
109728000, 319.49
110332800, 319.26
110937600, 319.07
111542400, 318.49
112147200, 317.16
112752000, 317.97
113356800, 317.91
113961600, 317.33
114566400, 316.76
115171200, 315.26
115776000, 315.28
116380800, 314.97
116985600, 314.53
117590400, 315.06
118195200, 315.61
118800000, 314.97
119404800, 315.43
120009600, 315.48
120614400, 315.72
121219200, 315.82
121824000, 315.7
122428800, 316.21
123033600, 316.55
123638400, 316.52
124243200, 317.02
124848000, 316.94
125452800, 317.18
126057600, 317.46
126662400, 317.99
127267200, 318.12
127872000, 318.07
128476800, 317.78
129081600, 318.08
129686400, 318.35
130291200, 318.92
130896000, 319.38
131500800, 319.28
132105600, 319.46
132710400, 319.95
133315200, 319.78
133920000, 320.27
134524800, 320.26
135129600, 321.03
135734400, 320.78
136339200, 320.36
136944000, 320.89
137548800, 320.78
138153600, 321.05
138758400, 321.16
139363200, 320.91
139968000, 320.87
140572800, 320.52
141177600, 320.15
141782400, 320.23
142387200, 320.1
142992000, 319.95
143596800, 319.01
144201600, 318.75
144806400, 318.68
145411200, 317.24
146016000, 317.48
148435200, 316.65
149040000, 315.72
149644800, 315.92
150249600, 315.1
150854400, 315.4
151459200, 315.72
152064000, 315.78
152668800, 315.94
153273600, 316.49
153878400, 316.92
154483200, 317.08
155088000, 317.19
155692800, 317.31
156297600, 317.66
156902400, 318.18
158112000, 318.54
158716800, 318.73
159321600, 318.9
159926400, 318.82
160531200, 318.77
161136000, 318.95
162345600, 319.37
162950400, 319.35
163555200, 319.7
164160000, 319.8
164764800, 320.34
165369600, 320.29
165974400, 320.38
166579200, 320.96
167184000, 322.05
167788800, 321.92
168998400, 321.97
169603200, 322.28
170208000, 322.27
170812800, 322.32
171417600, 322.09
172022400, 321.83
172627200, 320.88
173232000, 320.49
173836800, 320.12
174441600, 319.82
175046400, 319.56
175651200, 319.06
176256000, 318.6
176860800, 318.27
177465600, 317.73
178070400, 317.12
178675200, 316.44
179280000, 316.81
179884800, 315.99
180489600, 316.03
181094400, 315.93
181699200, 316.28
182304000, 315.65
182908800, 316.14
183513600, 316.36
184118400, 316.63
184723200, 316.83
185328000, 317.13
186537600, 317.56
187142400, 318.07
187747200, 318.27
188352000, 318.59
188956800, 318.74
189561600, 319.04
190166400, 319.49
190771200, 319.88
202262400, 322.07
202867200, 322.06
204681600, 321.57
205286400, 321.14
205891200, 319.95
206496000, 320.28
207100800, 320.02
207705600, 319.14
208915200, 318.61
209520000, 318.23
210124800, 318.11
210729600, 317.48
211334400, 316.57
211939200, 315.59
212544000, 317.01
213148800, 316.93
213753600, 316.51
214358400, 316.86
214963200, 317.05
215568000, 317.65
216172800, 317.77
216777600, 317.65
217382400, 317.52
217987200, 318.11
218592000, 318.42
219196800, 318.58
219801600, 318.93
220406400, 318.91
221011200, 319.08
221616000, 319.17
222220800, 319.16
222825600, 319.79
223430400, 320.12
224035200, 320.2
224640000, 320.16
225244800, 320.7
225849600, 320.89
226454400, 321.07
227059200, 320.98
227664000, 320.49
228268800, 321.4
228873600, 321.95
229478400, 322.27
230083200, 322.17
230688000, 321.86
231292800, 322.46
231897600, 322.22
232502400, 321.94
233107200, 321.69
233712000, 322.26
234316800, 321.87
234921600, 321.77
235526400, 321.77
236131200, 321.99
236736000, 321.97
237340800, 321.85
237945600, 321.76
238550400, 320.47
239155200, 319.49
239760000, 319.47
240364800, 318.02
240969600, 318.82
241574400, 318.73
242179200, 318.39
242784000, 318.05
243388800, 318.26
243993600, 316.85
244598400, 316.6
245203200, 317.26
245808000, 317.86
246412800, 317.56
247017600, 317.63
247622400, 318.3
248227200, 319.26
248832000, 318.99
249436800, 319.17
250041600, 319.09
250646400, 319.37
251251200, 319.39
251856000, 319.7
252460800, 319.69
253065600, 320.49
253670400, 320.63
254275200, 321.09
254880000, 321.16
255484800, 321.26
256089600, 321.75
256694400, 321.67
257299200, 321.8
257904000, 322.1
258508800, 322.14
259113600, 322.57
259718400, 322.86
260323200, 323.55
260928000, 323.62
261532800, 323.88
262137600, 323.91
262742400, 323.53
263347200, 324.0
263952000, 324.1
264556800, 323.72
265161600, 324.31
265766400, 324.02
266371200, 323.88
266976000, 323.75
267580800, 323.32
268185600, 322.82
268790400, 322.9
271209600, 321.31
271814400, 320.85
272419200, 319.16
273024000, 319.64
273628800, 319.94
274233600, 318.22
274838400, 318.46
275443200, 318.31
276048000, 317.9
276652800, 317.9
277257600, 318.21
277862400, 318.61
278467200, 318.39
279676800, 319.59
280281600, 320.03
280886400, 320.24
281491200, 320.8
282096000, 320.87
282700800, 321.16
283305600, 321.31
283910400, 321.37
284515200, 321.92
285120000, 322.93
286934400, 322.19
287539200, 322.23
288144000, 322.86
288748800, 322.6
289353600, 322.94
289958400, 322.6
290563200, 323.33
291168000, 323.24
291772800, 323.15
292377600, 324.21
292982400, 324.41
293587200, 324.6
294192000, 325.16
294796800, 325.26
295401600, 324.78
296006400, 325.09
296611200, 324.94
297216000, 324.95
297820800, 324.65
298425600, 323.31
299030400, 323.5
299635200, 322.89
300240000, 322.85
300844800, 322.45
301449600, 322.4
302054400, 322.04
302659200, 321.65
303264000, 321.4
303868800, 320.48
304473600, 320.01
305078400, 320.07
305683200, 319.43
306288000, 319.35
306892800, 319.03
307497600, 318.81
308102400, 318.88
308707200, 319.86
309312000, 319.47
309916800, 319.86
310521600, 320.01
311126400, 320.34
311731200, 320.91
312336000, 321.54
312940800, 321.4
313545600, 321.89
314150400, 322.29
314755200, 321.98
315360000, 322.3
315964800, 322.46
316569600, 322.5
317174400, 322.59
317779200, 322.83
318384000, 322.66
318988800, 323.17
319593600, 323.46
320198400, 323.18
320803200, 323.15
321408000, 323.85
322012800, 323.85
322617600, 324.21
323222400, 324.77
323827200, 324.79
324432000, 325.04
325036800, 324.84
325641600, 325.45
326246400, 325.63
326851200, 325.09
327456000, 325.52
328060800, 325.86
328665600, 325.67
329270400, 325.71
329875200, 325.56
330480000, 324.99
331084800, 324.63
331689600, 324.7
332294400, 324.13
332899200, 323.94
333504000, 323.4
334108800, 322.49
334713600, 322.27
335318400, 322.02
335923200, 321.74
336528000, 321.42
337132800, 320.44
337737600, 321.18
338342400, 319.78
338947200, 319.89
339552000, 320.57
340156800, 320.52
340761600, 320.26
341366400, 319.92
341971200, 320.7
342576000, 320.89
343180800, 321.4
343785600, 321.78
344390400, 322.06
344995200, 322.44
345600000, 322.91
346204800, 323.33
346809600, 323.19
347414400, 323.39
348019200, 324.06
348624000, 324.36
349228800, 324.14
349833600, 324.16
350438400, 323.92
351043200, 324.37
351648000, 324.86
352252800, 325.14
352857600, 325.58
353462400, 325.72
354067200, 325.96
354672000, 325.89
355276800, 326.27
355881600, 327.13
356486400, 326.58
357091200, 326.57
357696000, 327.52
358300800, 327.82
358905600, 326.86
359510400, 326.92
360115200, 327.43
360720000, 326.51
361324800, 326.78
361929600, 326.73
362534400, 326.37
363139200, 326.16
363744000, 326.07
364348800, 325.72
364953600, 325.47
365558400, 324.5
366163200, 324.56
366768000, 323.14
367372800, 322.56
367977600, 323.14
368582400, 322.21
369187200, 322.79
369792000, 322.84
370396800, 321.96
371001600, 321.5
371606400, 321.82
372211200, 322.0
372816000, 321.93
373420800, 322.21
374025600, 322.64
374630400, 322.78
375235200, 323.1
375840000, 323.52
376444800, 323.91
377049600, 323.99
377654400, 324.22
378259200, 324.5
378864000, 324.7
379468800, 325.4
380073600, 325.05
380678400, 324.8
381283200, 325.55
381888000, 325.7
382492800, 326.02
383097600, 326.32
383702400, 326.17
384307200, 326.85
384912000, 326.8
385516800, 327.51
386121600, 326.95
386726400, 328.2
387331200, 327.84
387936000, 327.81
388540800, 328.55
389145600, 327.99
389750400, 327.56
390355200, 328.03
390960000, 328.33
391564800, 327.98
392169600, 327.55
392774400, 327.86
393379200, 327.71
393984000, 327.23
394588800, 327.29
395193600, 326.24
395798400, 326.28
396403200, 325.63
397008000, 325.24
397612800, 325.21
398217600, 324.86
398822400, 324.84
399427200, 323.33
400032000, 322.97
400636800, 323.58
401241600, 323.18
401846400, 323.15
402451200, 323.21
403056000, 323.56
403660800, 322.92
404265600, 323.02
404870400, 323.18
405475200, 323.69
406080000, 323.76
406684800, 324.23
407289600, 324.71
407894400, 324.73
408499200, 325.0
409104000, 325.29
409708800, 325.58
410313600, 325.77
410918400, 325.89
411523200, 325.9
412128000, 326.72
412732800, 326.68
413337600, 326.55
413942400, 326.49
414547200, 326.79
415152000, 327.05
415756800, 327.15
416361600, 327.34
416966400, 327.08
417571200, 327.45
418176000, 327.44
418780800, 327.1
419385600, 327.71
419990400, 328.56
420595200, 328.2
421200000, 329.07
421804800, 329.28
422409600, 328.92
423014400, 328.81
423619200, 328.56
424224000, 328.8
424828800, 328.18
425433600, 328.52
426038400, 327.92
426643200, 327.88
427248000, 327.55
427852800, 326.21
428457600, 326.74
429062400, 326.12
429667200, 325.61
430272000, 325.39
430876800, 324.04
431481600, 323.65
432086400, 323.51
432691200, 323.26
433296000, 323.3
433900800, 323.32
434505600, 322.95
435110400, 323.52
435715200, 323.69
436320000, 324.4
436924800, 324.36
437529600, 324.53
438134400, 325.04
438739200, 325.51
439344000, 325.38
439948800, 325.93
440553600, 326.28
441158400, 326.35
441763200, 326.61
442368000, 326.67
442972800, 326.62
443577600, 326.68
444182400, 327.24
444787200, 327.4
445392000, 327.95
445996800, 327.83
446601600, 327.42
447206400, 327.58
447811200, 327.16
448416000, 327.78
449020800, 328.62
449625600, 328.97
450230400, 329.47
450835200, 329.83
451440000, 330.13
452044800, 330.02
452649600, 330.04
453254400, 329.75
453859200, 330.11
454464000, 330.21
455068800, 329.71
455673600, 329.15
456278400, 329.04
456883200, 328.52
457488000, 328.63
458092800, 328.3
458697600, 327.72
459302400, 328.14
459907200, 327.51
460512000, 326.92
461116800, 326.66
461721600, 326.57
462326400, 325.05
462931200, 325.4
463536000, 325.77
464140800, 324.81
464745600, 324.26
465350400, 324.23
465955200, 324.88
466560000, 325.52
467164800, 325.11
467769600, 325.86
468374400, 326.32
468979200, 326.13
469584000, 326.44
470188800, 326.98
470793600, 326.94
471398400, 327.16
472003200, 327.6
472608000, 327.91
473212800, 328.26
473817600, 328.4
474422400, 328.44
475027200, 328.66
475632000, 328.86
476236800, 329.19
476841600, 329.53
477446400, 329.67
478051200, 329.7
478656000, 329.95
479260800, 330.11
479865600, 330.55
480470400, 330.83
481075200, 330.68
481680000, 331.22
482284800, 331.1
482889600, 331.94
483494400, 332.16
484099200, 332.21
484704000, 332.35
485308800, 332.63
485913600, 332.58
486518400, 332.27
487123200, 332.58
487728000, 332.02
488332800, 331.63
488937600, 331.43
489542400, 331.53
490147200, 331.07
490752000, 330.08
491356800, 330.13
491961600, 330.05
492566400, 329.54
493171200, 329.36
493776000, 328.53
494380800, 328.45
494985600, 327.65
495590400, 327.81
496195200, 327.1
496800000, 326.6
497404800, 327.05
498009600, 327.4
498614400, 327.48
499219200, 327.18
499824000, 327.59
500428800, 328.02
501033600, 328.2
501638400, 328.57
502243200, 329.05
502848000, 328.7
503452800, 328.65
504057600, 328.24
504662400, 328.71
505267200, 328.91
505872000, 329.29
506476800, 329.41
507081600, 329.85
507686400, 330.54
508291200, 330.81
508896000, 330.61
509500800, 330.68
510105600, 330.79
510710400, 331.2
511315200, 332.11
511920000, 332.0
512524800, 331.56
513129600, 332.47
513734400, 332.14
514339200, 332.93
514944000, 333.17
515548800, 332.95
516153600, 333.09
516758400, 333.27
517363200, 332.87
517968000, 332.93
518572800, 332.03
519177600, 332.03
519782400, 332.26
520387200, 331.73
520992000, 331.73
521596800, 331.29
522201600, 330.47
522806400, 331.02
523411200, 330.09
524016000, 329.92
524620800, 329.29
525225600, 328.97
525830400, 328.19
526435200, 328.03
527040000, 327.35
527644800, 326.91
528249600, 327.38
528854400, 327.39
529459200, 327.06
530064000, 327.56
530668800, 327.7
531273600, 327.99
531878400, 328.09
532483200, 328.83
533088000, 328.65
533692800, 328.75
534297600, 329.5
534902400, 329.73
535507200, 329.82
536112000, 329.78
536716800, 329.93
537321600, 329.82
537926400, 330.27
538531200, 331.13
539136000, 331.18
539740800, 331.47
540345600, 331.0
540950400, 331.72
541555200, 331.88
542160000, 331.61
542764800, 331.96
543369600, 332.27
543974400, 332.58
544579200, 333.03
545184000, 333.58
545788800, 333.54
546393600, 333.13
546998400, 333.94
547603200, 333.93
548208000, 333.76
548812800, 333.73
549417600, 334.13
550022400, 333.87
550627200, 333.38
551232000, 333.45
551836800, 333.19
552441600, 332.71
553046400, 332.05
553651200, 331.05
554256000, 331.57
554860800, 330.83
555465600, 330.7
556070400, 330.35
556675200, 329.3
557280000, 328.88
557884800, 329.45
558489600, 328.52
559094400, 328.09
559699200, 328.28
560304000, 328.03
560908800, 328.05
561513600, 328.57
562118400, 328.81
562723200, 329.35
563328000, 329.2
563932800, 329.17
564537600, 329.54
565142400, 330.14
565747200, 330.35
566352000, 330.54
566956800, 331.13
567561600, 331.29
568166400, 331.57
568771200, 331.51
569376000, 331.74
569980800, 331.87
570585600, 332.28
571190400, 332.19
571795200, 332.52
572400000, 333.26
573004800, 332.48
573609600, 332.81
574214400, 333.6
574819200, 333.14
575424000, 334.39
576028800, 334.73
576633600, 334.26
577238400, 334.42
577843200, 334.54
578448000, 334.74
579052800, 334.33
579657600, 334.6
580262400, 335.43
580867200, 334.87
581472000, 334.36
582076800, 334.63
582681600, 334.32
583891200, 333.66
584496000, 333.42
585100800, 332.85
585705600, 332.47
586310400, 332.13
586915200, 331.72
587520000, 330.65
588124800, 330.69
588729600, 330.09
589334400, 329.75
589939200, 330.09
590544000, 329.33
591148800, 328.42
591753600, 328.85
592358400, 329.06
592963200, 329.6
593568000, 329.17
594172800, 329.03
594777600, 329.84
595382400, 330.43
595987200, 330.59
596592000, 330.7
597196800, 331.15
597801600, 331.33
598406400, 331.92
599011200, 332.2
599616000, 332.58
600220800, 332.43
600825600, 333.14
601430400, 333.24
602035200, 333.22
602640000, 333.41
603244800, 333.33
603849600, 333.45
604454400, 333.63
605059200, 334.1
605664000, 334.67
606268800, 335.11
606873600, 335.02
607478400, 335.53
608083200, 335.94
608688000, 336.01
609292800, 336.12
609897600, 336.78
610502400, 336.8
611107200, 336.47
611712000, 336.84
612316800, 336.72
612921600, 336.49
613526400, 336.31
614131200, 336.19
614736000, 336.03
615340800, 335.59
615945600, 335.1
616550400, 335.11
617155200, 334.6
617760000, 333.76
618364800, 333.01
618969600, 332.98
619574400, 332.84
620179200, 332.85
620784000, 332.17
621388800, 331.21
621993600, 332.1
622598400, 330.96
623203200, 330.45
623808000, 330.95
624412800, 331.52
625017600, 331.52
625622400, 331.74
626227200, 332.13
626832000, 332.03
627436800, 332.59
628041600, 332.85
628646400, 333.2
629251200, 333.51
629856000, 333.85
630460800, 334.25
631065600, 334.67
631670400, 334.27
632275200, 334.63
632880000, 335.46
633484800, 335.94
634089600, 335.0
634694400, 335.13
635299200, 335.66
635904000, 335.7
636508800, 336.27
637113600, 336.1
637718400, 336.8
638323200, 337.39
638928000, 337.08
639532800, 337.99
640137600, 337.94
640742400, 337.47
641347200, 338.05
641952000, 338.07
642556800, 338.1
643161600, 337.82
643766400, 337.9
644371200, 338.48
644976000, 338.23
645580800, 337.86
646185600, 337.39
646790400, 337.69
647395200, 336.79
648000000, 336.72
648604800, 335.95
649209600, 335.69
649814400, 335.17
650419200, 334.84
651024000, 334.41
651628800, 334.37
652233600, 333.88
652838400, 332.88
653443200, 332.19
654048000, 332.38
654652800, 332.76
655257600, 332.1
655862400, 332.45
656467200, 333.02
657072000, 333.18
657676800, 333.58
658281600, 333.85
658886400, 333.88
659491200, 334.2
660096000, 334.52
660700800, 334.8
661305600, 335.15
661910400, 335.12
662515200, 335.32
663120000, 335.36
663724800, 335.97
664329600, 336.85
664934400, 336.95
665539200, 336.9
666144000, 336.54
666748800, 336.71
667353600, 336.79
667958400, 337.12
668563200, 337.79
669168000, 337.43
669772800, 339.02
670377600, 338.8
670982400, 338.17
671587200, 338.66
672192000, 339.25
672796800, 339.6
673401600, 339.3
674006400, 338.88
674611200, 339.86
675216000, 339.62
675820800, 339.93
676425600, 339.52
677030400, 338.9
677635200, 338.95
678240000, 339.0
678844800, 338.28
679449600, 337.82
680054400, 337.37
680659200, 336.84
681264000, 337.03
681868800, 336.59
682473600, 336.17
683078400, 334.56
683683200, 334.45
684288000, 334.0
684892800, 334.21
685497600, 333.28
686102400, 334.11
686707200, 334.1
687312000, 333.97
687916800, 333.74
688521600, 334.16
689126400, 334.73
689731200, 334.86
690336000, 335.59
690940800, 335.68
691545600, 335.99
692150400, 336.5
692755200, 336.77
693360000, 336.88
693964800, 337.4
694569600, 337.67
695174400, 337.48
695779200, 338.38
696384000, 338.49
696988800, 338.05
697593600, 338.14
698198400, 338.68
698803200, 338.26
699408000, 339.31
700012800, 339.54
700617600, 340.02
701222400, 340.54
701827200, 341.01
702432000, 340.41
703036800, 340.95
703641600, 340.75
704246400, 341.06
704851200, 341.52
705456000, 341.3
706060800, 341.38
706665600, 340.92
707270400, 341.72
707875200, 341.38
708480000, 341.39
709084800, 340.87
709689600, 340.4
710294400, 340.44
710899200, 339.78
711504000, 338.51
712108800, 338.92
712713600, 337.98
713318400, 337.77
713923200, 337.75
714528000, 337.79
715132800, 337.01
715737600, 336.65
716342400, 335.75
716947200, 335.28
717552000, 336.03
718156800, 335.83
718761600, 335.87
719366400, 336.1
719971200, 336.42
720576000, 336.65
721180800, 336.98
721785600, 337.14
722390400, 337.31
722995200, 337.41
723600000, 337.77
724204800, 338.1
724809600, 338.39
725414400, 338.72
726019200, 338.94
726624000, 339.13
727228800, 339.39
727833600, 339.36
728438400, 339.55
729043200, 340.57
729648000, 340.04
730252800, 340.2
730857600, 341.11
731462400, 340.73
732067200, 341.04
732672000, 341.89
733276800, 342.19
733881600, 342.42
734486400, 342.49
735091200, 342.78
735696000, 342.3
736300800, 342.95
736905600, 343.0
737510400, 342.8
738115200, 342.7
738720000, 342.75
739324800, 342.64
739929600, 342.54
740534400, 341.81
741139200, 341.64
741744000, 341.05
742348800, 340.87
742953600, 339.76
743558400, 340.21
744163200, 339.56
744768000, 338.92
745372800, 338.48
745977600, 337.57
746582400, 337.73
747187200, 337.2
747792000, 337.03
748396800, 336.75
749001600, 335.95
749606400, 336.3
750211200, 336.65
750816000, 337.13
751420800, 337.22
752025600, 337.56
752630400, 337.87
753235200, 338.14
753840000, 338.57
754444800, 339.3
755049600, 339.29
755654400, 339.41
756259200, 339.65
756864000, 340.23
757468800, 340.28
758073600, 340.39
758678400, 340.72
759283200, 341.13
759888000, 341.29
760492800, 341.94
761097600, 341.11
761702400, 341.14
762307200, 342.19
762912000, 342.66
763516800, 342.61
764121600, 342.78
764726400, 342.81
765331200, 342.96
765936000, 343.3
766540800, 343.5
767145600, 344.29
767750400, 343.83
768355200, 343.68
768960000, 344.29
769564800, 344.1
770169600, 344.1
770774400, 343.48
771379200, 343.5
771984000, 343.46
772588800, 342.91
773193600, 342.53
773798400, 342.03
774403200, 342.02
775008000, 341.81
775612800, 341.31
776217600, 340.57
776822400, 340.06
777427200, 339.71
778032000, 338.32
778636800, 338.88
779241600, 338.61
779846400, 337.84
780451200, 336.92
781056000, 337.32
781660800, 338.09
782265600, 337.6
782870400, 337.94
783475200, 338.7
784080000, 338.49
784684800, 339.2
785289600, 339.72
785894400, 339.88
786499200, 339.86
787104000, 340.43
787708800, 340.71
788313600, 340.82
788918400, 340.94
789523200, 341.44
790128000, 341.57
790732800, 341.25
791337600, 341.72
791942400, 342.0
792547200, 342.77
793152000, 342.5
793756800, 342.84
794361600, 342.38
794966400, 342.58
795571200, 344.06
796176000, 343.81
796780800, 344.02
797385600, 344.89
797990400, 345.07
798595200, 345.32
799200000, 345.46
799804800, 345.43
800409600, 345.77
801014400, 345.85
801619200, 345.76
802224000, 345.68
802828800, 345.6
803433600, 345.04
804038400, 344.97
804643200, 344.74
805248000, 344.59
805852800, 343.73
806457600, 343.66
807062400, 342.6
807667200, 343.05
808272000, 341.7
808876800, 342.14
809481600, 341.8
810086400, 339.94
810691200, 339.99
811296000, 339.86
811900800, 339.98
812505600, 339.87
813110400, 339.76
813715200, 340.12
814320000, 340.25
814924800, 340.37
815529600, 340.8
816134400, 341.0
816739200, 341.18
817344000, 341.7
817948800, 341.87
818553600, 342.85
819158400, 343.39
819763200, 343.61
820368000, 343.47
820972800, 343.78
821577600, 343.47
822182400, 343.5
822787200, 344.16
823392000, 344.35
823996800, 344.57
824601600, 344.33
825206400, 344.69
825811200, 344.88
826416000, 344.95
827020800, 345.45
827625600, 345.69
830649600, 347.47
831254400, 347.49
831859200, 347.78
832464000, 347.36
833068800, 347.03
833673600, 347.09
834278400, 347.02
834883200, 346.89
835488000, 346.37
836092800, 346.24
836697600, 345.82
837302400, 345.48
837907200, 345.25
838512000, 344.48
839116800, 344.05
839721600, 344.12
840326400, 343.19
840931200, 342.05
841536000, 341.65
842140800, 340.65
842745600, 341.37
843350400, 341.31
843955200, 340.85
844560000, 341.19
845164800, 341.3
845769600, 341.91
846374400, 341.67
846979200, 342.01
847584000, 342.65
848188800, 343.14
848793600, 343.75
849398400, 343.6
850003200, 343.95
850608000, 344.23
851212800, 344.58
851817600, 344.57
852422400, 344.77
853027200, 345.01
853632000, 345.01
854236800, 345.08
854841600, 345.95
855446400, 345.54
856051200, 345.82
856656000, 346.37
857260800, 346.77
857865600, 347.11
858470400, 347.58
859075200, 347.7
859680000, 348.27
860284800, 348.04
860889600, 348.08
861494400, 348.52
862099200, 348.84
862704000, 348.89
863308800, 349.31
863913600, 349.18
864518400, 348.18
865123200, 349.05
865728000, 348.49
866332800, 348.24
866937600, 347.9
867542400, 347.47
868147200, 346.9
868752000, 346.8
869356800, 346.43
869961600, 345.79
871171200, 344.7
871776000, 344.5
872380800, 344.38
872985600, 343.76
873590400, 344.29
874195200, 343.37
874800000, 342.46
875404800, 342.13
876009600, 342.4
876614400, 342.5
877219200, 343.14
877824000, 343.22
878428800, 343.38
879033600, 343.77
879638400, 344.25
880243200, 344.64
880848000, 345.3
881452800, 345.37
882057600, 345.67
882662400, 345.17
883267200, 346.3
883872000, 346.44
884476800, 346.09
885081600, 346.25
885686400, 346.46
886291200, 346.22
886896000, 346.84
887500800, 347.18
888105600, 347.2
888710400, 347.07
889315200, 346.65
889920000, 347.22
890524800, 349.15
891129600, 348.87
891734400, 349.21
892339200, 349.45
892944000, 349.34
893548800, 350.2
894153600, 349.99
894758400, 350.14
895363200, 350.23
895968000, 350.13
896572800, 350.18
897177600, 349.73
897782400, 349.54
898387200, 349.48
898992000, 348.92
899596800, 348.69
900201600, 347.77
900806400, 347.61
901411200, 347.41
902016000, 346.65
902620800, 346.23
903225600, 345.59
903830400, 345.62
904435200, 345.27
905040000, 345.05
905644800, 345.32
906249600, 344.43
906854400, 344.51
907459200, 343.99
908064000, 344.11
908668800, 343.99
909273600, 344.57
909878400, 345.17
910483200, 345.35
911088000, 345.63
911692800, 345.72
912297600, 346.41
912902400, 346.92
913507200, 346.77
914112000, 346.97
914716800, 347.08
915321600, 347.62
915926400, 348.37
916531200, 348.27
917136000, 347.96
917740800, 348.03
918345600, 347.91
918950400, 348.25
919555200, 348.54
920160000, 349.47
920764800, 348.85
921369600, 349.27
921974400, 349.79
922579200, 350.2
923184000, 350.82
923788800, 350.27
924393600, 351.19
924998400, 351.39
925603200, 351.43
926208000, 352.0
926812800, 351.73
927417600, 351.91
928022400, 351.78
928627200, 351.65
929232000, 351.17
929836800, 351.0
930441600, 350.94
931046400, 349.76
931651200, 349.84
932256000, 348.87
932860800, 349.51
933465600, 349.04
934070400, 348.15
934675200, 348.62
935280000, 348.01
935884800, 346.71
936489600, 347.05
937094400, 346.65
937699200, 346.29
938304000, 345.85
938908800, 345.77
939513600, 346.34
940118400, 346.59
940723200, 346.8
941328000, 346.91
941932800, 347.34
942537600, 347.65
943142400, 348.16
943747200, 348.75
944352000, 348.66
944956800, 348.82
945561600, 349.12
946166400, 349.29
946771200, 349.78
947376000, 350.28
947980800, 350.21
948585600, 350.79
949190400, 351.22
949795200, 351.81
950400000, 351.31
951004800, 351.53
951609600, 352.55
952214400, 352.88
952819200, 351.88
953424000, 351.78
954028800, 352.23
954633600, 353.13
955238400, 353.57
955843200, 353.15
956448000, 354.0
957052800, 354.23
957657600, 353.76
958262400, 354.3
958867200, 354.52
959472000, 354.2
960076800, 354.18
960681600, 354.2
961286400, 353.61
961891200, 353.19
962496000, 353.08
963100800, 352.56
963705600, 352.65
964310400, 351.96
964915200, 351.13
965520000, 350.95
966124800, 350.3
966729600, 350.49
967334400, 349.61
967939200, 349.38
968544000, 348.73
969148800, 348.95
969753600, 348.19
970358400, 348.82
970963200, 348.88
971568000, 348.68
972172800, 349.42
972777600, 349.29
973382400, 349.78
973987200, 349.89
974592000, 350.18
975196800, 350.48
975801600, 350.5
976406400, 351.02
977011200, 351.6
977616000, 351.36
978220800, 352.4
978825600, 352.77
979430400, 352.97
980035200, 352.51
980640000, 353.06
981244800, 352.83
981849600, 352.64
982454400, 353.22
983059200, 353.48
983664000, 353.17
984268800, 353.46
984873600, 353.55
985478400, 354.48
986083200, 354.56
986688000, 355.05
987292800, 355.41
987897600, 356.01
988502400, 355.9
989107200, 355.36
989712000, 355.82
990316800, 355.64
990921600, 355.76
991526400, 355.8
992131200, 355.09
992736000, 354.87
993340800, 354.9
993945600, 354.5
994550400, 354.76
995155200, 353.85
995760000, 353.19
996364800, 353.21
996969600, 352.62
997574400, 352.24
998179200, 351.16
998784000, 350.43
999388800, 350.79
999993600, 350.28
1000598400, 349.41
1001203200, 349.31
1001808000, 349.71
1002412800, 349.97
1003017600, 349.74
1003622400, 350.24
1004227200, 350.47
1004832000, 350.66
1005436800, 351.29
1006041600, 351.6
1006646400, 351.46
1007251200, 352.09
1007856000, 352.16
1008460800, 352.48
1009065600, 352.59
1009670400, 353.44
1010275200, 353.47
1010880000, 353.55
1011484800, 353.8
1012089600, 353.96
1012694400, 354.13
1013299200, 355.02
1013904000, 354.87
1014508800, 354.78
1015113600, 355.72
1015718400, 354.99
1016323200, 355.84
1016928000, 355.17
1017532800, 355.95
1018137600, 356.17
1018742400, 355.9
1019347200, 356.68
1019952000, 356.18
1020556800, 357.3
1021161600, 357.09
1021766400, 356.99
1022371200, 357.13
1022976000, 357.01
1023580800, 356.63
1024185600, 355.68
1024790400, 355.53
1025395200, 355.79
1026000000, 355.51
1026604800, 354.0
1027209600, 354.59
1027814400, 354.72
1028419200, 353.56
1029024000, 353.23
1029628800, 352.92
1030233600, 352.01
1030838400, 350.99
1031443200, 350.75
1032048000, 351.33
1032652800, 350.97
1033257600, 350.92
1033862400, 351.1
1034467200, 351.08
1035072000, 351.48
1035676800, 351.47
1036281600, 352.12
1036886400, 352.62
1037491200, 353.05
1038096000, 353.18
1038700800, 353.61
1039305600, 354.07
1039910400, 353.87
1040515200, 354.51
1041120000, 354.89
1041724800, 354.28
1042329600, 354.73
1042934400, 354.86
1043539200, 355.05
1044144000, 355.22
1044748800, 355.23
1045353600, 356.4
1045958400, 355.83
1046563200, 356.41
1047168000, 357.21
1047772800, 357.69
1048377600, 356.96
1048982400, 357.94
1049587200, 358.32
1050192000, 357.83
1050796800, 359.19
1051401600, 359.24
1052006400, 359.11
1052611200, 358.94
1053216000, 360.03
1053820800, 359.08
1054425600, 358.52
1055030400, 358.46
1055635200, 358.22
1056240000, 358.12
1056844800, 357.74
1057449600, 357.27
1058054400, 356.54
1058659200, 355.26
1059264000, 355.3
1059868800, 354.89
1060473600, 354.6
1061078400, 353.78
1061683200, 353.07
1062288000, 353.22
1062892800, 353.06
1063497600, 352.12
1064102400, 351.84
1064707200, 351.69
1065312000, 351.7
1065916800, 352.18
1066521600, 352.53
1067126400, 352.72
1067731200, 353.47
1068336000, 353.76
1068940800, 353.56
1069545600, 353.86
1070150400, 354.35
1070755200, 354.54
1071360000, 354.97
1071964800, 355.22
1072569600, 355.5
1073174400, 355.69
1073779200, 356.07
1074384000, 356.19
1074988800, 355.96
1075593600, 356.05
1076198400, 356.73
1076803200, 357.33
1077408000, 356.99
1078012800, 356.58
1078617600, 357.3
1079222400, 357.8
1079827200, 358.18
1080432000, 358.42
1081036800, 358.57
1081641600, 358.99
1082246400, 359.75
1082851200, 359.25
1083456000, 359.69
1084060800, 359.73
1084665600, 358.6
1085270400, 359.65
1085875200, 360.25
1086480000, 360.03
1087084800, 359.48
1087689600, 358.75
1088294400, 358.45
1088899200, 358.47
1089504000, 357.2
1090108800, 356.37
1090713600, 356.1
1091318400, 354.99
1091923200, 355.33
1092528000, 355.32
1093132800, 354.59
1093737600, 354.34
1094342400, 353.53
1094947200, 353.66
1095552000, 352.37
1096156800, 352.75
1096761600, 353.6
1097366400, 353.38
1097971200, 353.24
1098576000, 353.51
1099180800, 353.56
1099785600, 353.99
1100390400, 353.86
1100995200, 354.57
1101600000, 354.64
1102204800, 354.85
1102809600, 355.37
1103414400, 355.46
1104019200, 355.97
1104624000, 356.29
1105228800, 356.96
1105833600, 356.72
1106438400, 356.66
1107043200, 357.03
1107648000, 356.62
1108252800, 357.23
1108857600, 357.36
1109462400, 357.68
1110067200, 358.39
1110672000, 358.52
1111276800, 358.13
1111881600, 358.85
1112486400, 359.17
1113091200, 358.87
1113696000, 359.42
1114300800, 360.03
1114905600, 359.62
1115510400, 359.78
1116115200, 360.7
1116720000, 360.62
1117324800, 360.35
1117929600, 359.79
1118534400, 359.92
1119139200, 359.34
1119744000, 359.15
1120348800, 357.91
1120953600, 358.02
1121558400, 358.1
1122163200, 356.69
1122768000, 356.52
1123372800, 355.88
1123977600, 355.95
1124582400, 354.9
1125187200, 354.72
1125792000, 354.3
1126396800, 353.23
1127001600, 353.81
1127606400, 353.86
1128211200, 353.8
1128816000, 353.87
1129420800, 354.0
1130025600, 354.45
1130630400, 354.38
1131235200, 354.78
1131840000, 355.16
1132444800, 355.65
1133049600, 356.03
1133654400, 356.27
1134259200, 356.52
1134864000, 356.99
1135468800, 357.5
1136073600, 358.14
1136678400, 358.12
1137283200, 358.43
1137888000, 358.33
1138492800, 358.78
1139097600, 358.49
1139702400, 358.61
1140307200, 359.02
1140912000, 359.64
1141516800, 358.77
1142121600, 359.86
1142726400, 360.49
1143331200, 360.83
1143936000, 360.68
1144540800, 361.01
1145145600, 361.07
1145750400, 361.34
1146355200, 362.25
1146960000, 361.63
1147564800, 361.42
1148169600, 361.78
1148774400, 361.91
1149379200, 361.04
1149984000, 361.07
1150588800, 360.93
1151193600, 360.7
1151798400, 360.22
1152403200, 359.9
1153008000, 359.43
1153612800, 359.0
1154217600, 358.81
1154822400, 358.1
1155427200, 357.52
1156032000, 357.63
1156636800, 356.39
1157241600, 356.44
1157846400, 356.46
1158451200, 355.46
1159056000, 355.5
1159660800, 355.46
1160265600, 355.81
1160870400, 356.09
1161475200, 356.39
1162080000, 356.61
1162684800, 356.97
1163289600, 357.4
1163894400, 357.93
1164499200, 358.11
1165104000, 358.43
1165708800, 359.13
1166313600, 359.25
1166918400, 359.15
1167523200, 359.52
1168128000, 359.68
1168732800, 360.28
1169337600, 360.12
1169942400, 360.04
1170547200, 360.67
1171152000, 361.09
1171756800, 360.88
1172361600, 361.36
1172966400, 362.2
1173571200, 361.24
1174176000, 360.99
1174780800, 362.0
1175385600, 363.8
1175990400, 363.44
1176595200, 363.34
1177200000, 362.89
1177804800, 363.58
1178409600, 363.24
1179014400, 364.11
1179619200, 364.18
1180224000, 363.47
1180828800, 363.92
1181433600, 363.47
1182038400, 362.96
1182643200, 362.81
1183248000, 362.53
1183852800, 362.27
1184457600, 361.97
1185062400, 361.58
1185667200, 360.98
1186272000, 360.45
1186876800, 359.21
1187481600, 358.72
1188086400, 359.29
1188691200, 357.37
1189296000, 358.5
1189900800, 358.58
1190505600, 358.2
1191110400, 357.56
1191715200, 357.65
1192320000, 357.6
1192924800, 358.04
1193529600, 358.23
1194134400, 359.19
1194739200, 359.43
1195344000, 359.69
1195948800, 359.87
1196553600, 360.13
1197158400, 360.43
1197763200, 360.53
1198368000, 360.89
1198972800, 361.73
1199577600, 361.81
1200182400, 362.06
1200787200, 362.17
1201392000, 362.23
1201996800, 362.68
1202601600, 363.12
1203206400, 363.01
1203811200, 364.03
1204416000, 363.84
1205020800, 363.66
1205625600, 364.1
1206230400, 364.53
1206835200, 364.35
1207440000, 364.57
1208044800, 364.89
1208649600, 364.4
1209254400, 365.13
1209859200, 364.92
1210464000, 365.37
1211068800, 365.74
1211673600, 365.43
1212278400, 364.86
1212883200, 365.19
1213488000, 365.27
1214092800, 365.0
1214697600, 364.3
1215302400, 364.19
1215907200, 363.75
1216512000, 363.38
1217116800, 362.84
1217721600, 361.78
1218326400, 362.1
1218931200, 361.29
1219536000, 360.85
1220140800, 360.82
1220745600, 359.86
1221350400, 359.82
1221955200, 359.09
1222560000, 359.04
1223164800, 359.45
1223769600, 359.52
1224374400, 359.86
1224979200, 359.87
1225584000, 359.94
1226188800, 360.52
1226793600, 360.79
1227398400, 361.24
1228003200, 361.4
1228608000, 361.97
1229212800, 362.68
1229817600, 362.47
1230422400, 362.62
1231027200, 362.95
1231632000, 363.0
1232236800, 363.16
1232841600, 363.51
1233446400, 363.28
1234051200, 364.19
1234656000, 364.02
1235260800, 364.24
1235865600, 364.5
1236470400, 364.16
1237075200, 364.19
1237680000, 364.75
1238284800, 365.43
1238889600, 365.8
1239494400, 366.25
1240099200, 366.69
1240704000, 366.79
1241308800, 366.76
1241913600, 366.8
1242518400, 367.03
1243123200, 366.61
1243728000, 366.36
1244332800, 365.71
1244937600, 365.61
1245542400, 365.53
1246147200, 365.16
1246752000, 365.09
1247356800, 364.67
1247961600, 364.11
1248566400, 363.8
1249171200, 363.39
1249776000, 363.36
1250380800, 362.63
1250985600, 361.51
1251590400, 361.66
1252195200, 360.69
1252800000, 360.26
1253404800, 360.08
1254009600, 359.81
1254614400, 360.54
1255219200, 360.49
1255824000, 361.07
1256428800, 361.13
1257033600, 361.71
1257638400, 362.19
1258243200, 362.06
1258848000, 362.65
1259452800, 363.51
1260057600, 363.97
1260662400, 363.95
1261267200, 364.27
1261872000, 365.09
1262476800, 365.24
1263081600, 365.3
1263686400, 365.35
1264291200, 365.38
1264896000, 365.69
1265500800, 366.06
1266105600, 365.52
1266710400, 366.08
1267315200, 367.36
1267920000, 367.02
1268524800, 366.66
1269129600, 367.49
1269734400, 368.57
1270339200, 368.69
1270944000, 368.68
1271548800, 368.05
1272153600, 368.9
1272758400, 369.17
1273363200, 368.83
1273968000, 368.51
1274572800, 369.66
1275177600, 369.7
1275782400, 369.41
1276387200, 368.88
1276992000, 368.54
1277596800, 368.36
1278201600, 368.05
1278806400, 367.54
1279411200, 367.67
1280016000, 367.36
1280620800, 366.88
1281225600, 366.46
1281830400, 365.64
1282435200, 365.63
1283040000, 364.25
1283644800, 364.74
1284249600, 363.96
1284854400, 363.5
1285459200, 363.6
1286064000, 364.01
1286668800, 364.17
1287273600, 364.46
1287878400, 364.49
1288483200, 364.7
1289088000, 365.05
1289692800, 365.48
1290297600, 365.8
1290902400, 366.0
1291507200, 366.46
1292112000, 366.74
1292716800, 367.3
1293321600, 367.38
1293926400, 367.58
1294531200, 367.87
1295136000, 367.8
1295740800, 368.33
1296345600, 369.25
1296950400, 369.19
1297555200, 368.9
1298160000, 369.05
1298764800, 368.52
1299369600, 368.13
1299974400, 369.58
1300579200, 370.27
1301184000, 370.65
1301788800, 371.11
1302393600, 371.59
1302998400, 371.07
1303603200, 370.32
1304208000, 370.82
1304812800, 371.33
1305417600, 371.09
1306022400, 370.89
1306627200, 370.41
1307232000, 370.98
1307836800, 370.33
1308441600, 369.97
1309046400, 369.97
1309651200, 369.49
1310256000, 370.15
1310860800, 369.54
1311465600, 368.66
1312070400, 367.48
1312675200, 367.65
1313280000, 366.77
1313884800, 366.44
1314489600, 366.16
1315094400, 364.22
1315699200, 364.75
1316304000, 365.25
1316908800, 364.74
1317513600, 364.62
1318118400, 365.11
1318723200, 364.94
1319328000, 365.7
1319932800, 365.81
1320537600, 366.24
1321142400, 366.75
1321747200, 366.74
1322352000, 367.2
1322956800, 367.47
1323561600, 368.1
1324166400, 368.05
1324771200, 368.27
1325376000, 368.74
1325980800, 368.63
1326585600, 369.12
1327190400, 369.93
1327795200, 369.35
1328400000, 369.18
1329004800, 369.66
1329609600, 369.45
1330214400, 369.61
1330819200, 370.11
1331424000, 370.09
1332028800, 370.98
1332633600, 370.86
1333238400, 371.04
1333843200, 371.81
1334448000, 371.91
1335052800, 372.1
1335657600, 371.37
1336262400, 371.36
1336867200, 371.83
1337472000, 372.01
1338076800, 371.91
1338681600, 371.98
1339286400, 371.71
1339891200, 371.82
1340496000, 371.41
1341100800, 370.96
1341705600, 370.17
1342310400, 370.29
1342915200, 369.85
1343520000, 369.1
1344124800, 368.86
1344729600, 368.46
1345334400, 367.78
1345939200, 367.25
1346544000, 367.28
1347148800, 366.84
1347753600, 366.35
1348358400, 366.34
1348963200, 366.54
1349568000, 366.42
1350172800, 366.75
1350777600, 366.79
1351382400, 367.46
1351987200, 367.78
1352592000, 368.1
1353196800, 368.76
1353801600, 368.42
1354406400, 369.1
1355011200, 369.74
1355616000, 369.41
1356220800, 369.64
1356825600, 369.91
1357430400, 369.95
1358035200, 370.35
1358640000, 370.1
1359244800, 370.91
1359849600, 371.45
1360454400, 371.29
1361059200, 371.82
1361664000, 371.33
1362268800, 372.34
1362873600, 372.32
1363478400, 372.23
1364083200, 371.97
1364688000, 372.18
1365292800, 372.82
1365897600, 372.84
1366502400, 373.17
1367107200, 372.91
1367712000, 373.83
1368316800, 374.08
1368921600, 373.85
1369526400, 374.05
1370131200, 374.0
1370736000, 373.27
1371340800, 372.98
1371945600, 373.04
1372550400, 372.9
1373155200, 372.29
1373760000, 371.51
1374364800, 371.36
1374969600, 370.76
1375574400, 370.07
1376179200, 369.7
1376784000, 369.43
1377388800, 369.15
1377993600, 368.61
1378598400, 368.34
1379203200, 368.18
1379808000, 367.61
1380412800, 367.56
1381017600, 367.93
1381622400, 367.73
1382227200, 368.23
1382832000, 368.92
1383436800, 368.87
1384041600, 369.03
1384646400, 369.84
1385251200, 370.44
1385856000, 370.51
1386460800, 371.03
1387065600, 371.34
1387670400, 371.51
1388275200, 371.67
1388880000, 371.94
1389484800, 372.26
1390089600, 373.04
1390694400, 372.46
1391299200, 372.85
1391904000, 372.93
1392508800, 372.84
1393113600, 373.4
1393718400, 373.29
1394323200, 373.47
1394928000, 373.37
1395532800, 373.51
1396137600, 374.29
1396742400, 374.5
1397347200, 374.55
1397952000, 375.06
1398556800, 375.47
1399161600, 375.78
1399766400, 374.95
1400371200, 375.24
1400976000, 375.92
1401580800, 375.78
1402185600, 375.66
1402790400, 375.12
1403395200, 375.5
1404000000, 374.47
1404604800, 374.62
1405209600, 374.13
1405814400, 373.68
1406419200, 373.16
1407024000, 372.93
1407628800, 371.73
1408233600, 371.03
1408838400, 370.87
1409443200, 370.12
1410048000, 371.39
1410652800, 371.16
1411257600, 370.45
1411862400, 369.97
1412467200, 369.68
1413072000, 370.04
1413676800, 371.06
1414281600, 370.44
1414886400, 371.67
1415491200, 371.55
1416096000, 372.08
1416700800, 372.69
1417305600, 372.65
1417910400, 373.32
1418515200, 373.44
1419120000, 374.16
1419724800, 374.6
1420329600, 374.49
1420934400, 374.46
1421539200, 374.82
1422144000, 374.89
1422748800, 375.23
1423353600, 374.81
1423958400, 375.7
1424563200, 376.36
1425168000, 375.82
1425772800, 375.89
1426377600, 375.76
1426982400, 376.44
1427587200, 376.82
1428192000, 376.81
1428796800, 377.3
1429401600, 378.11
1430006400, 378.46
1430611200, 378.11
1431216000, 377.49
1431820800, 378.79
1432425600, 378.71
1433030400, 378.29
1433635200, 378.39
1434844800, 377.34
1435449600, 377.85
1436054400, 376.43
1436659200, 377.05
1437264000, 376.7
1437868800, 375.98
1438473600, 375.48
1439078400, 374.67
1439683200, 374.06
1440288000, 374.47
1440892800, 373.48
1441497600, 373.09
1442102400, 372.76
1442707200, 373.08
1443312000, 373.03
1443916800, 372.87
1445731200, 373.33
1446336000, 373.5
1446940800, 373.76
1447545600, 374.45
1448150400, 375.21
1448755200, 374.72
1449360000, 374.47
1449964800, 376.15
1450569600, 376.05
1451174400, 376.43
1451779200, 376.17
1452384000, 376.17
1452988800, 377.01
1453593600, 377.29
1454198400, 377.49
1454803200, 377.47
1455408000, 377.0
1456012800, 377.35
1456617600, 377.67
1457222400, 378.05
1457827200, 379.4
1458432000, 378.47
1459036800, 378.5
1459641600, 380.09
1460246400, 380.41
1460851200, 380.56
1461456000, 380.71
1462060800, 380.28
1462665600, 381.04
1463270400, 380.51
1463875200, 380.33
1464480000, 380.66
1465084800, 379.62
1465689600, 380.0
1466294400, 379.3
1466899200, 379.07
1467504000, 378.44
1468108800, 378.04
1468713600, 377.33
1469318400, 376.99
1469923200, 377.35
1470528000, 376.56
1471132800, 375.84
1471737600, 375.7
1472342400, 374.62
1472947200, 373.82
1473552000, 374.57
1474156800, 374.14
1474761600, 373.8
1475366400, 374.01
1475971200, 373.95
1476576000, 374.05
1477180800, 374.58
1477785600, 375.02
1478390400, 375.06
1478995200, 376.13
1479600000, 376.46
1480204800, 376.13
1480809600, 377.09
1481414400, 377.37
1482019200, 377.5
1482624000, 377.68
1483228800, 378.06
1483833600, 378.21
1484438400, 378.36
1485043200, 378.34
1485648000, 378.66
1486252800, 379.02
1486857600, 379.31
1487462400, 380.25
1490486400, 380.57
1491091200, 382.07
1491696000, 382.25
1492300800, 381.35
1492905600, 382.08
1493510400, 382.38
1494115200, 381.51
1494720000, 382.53
1495324800, 382.14
1495929600, 382.58
1496534400, 382.36
1497139200, 382.31
1497744000, 382.12
1498348800, 381.48
1498953600, 381.15
1499558400, 380.9
1500163200, 380.63
1500768000, 380.36
1501372800, 379.86
1501977600, 379.21
1502582400, 378.97
1503187200, 378.4
1503792000, 377.69
1504396800, 377.82
1505001600, 376.33
1505606400, 376.14
1506211200, 375.95
1506816000, 376.33
1507420800, 376.44
1508025600, 377.12
1508630400, 377.31
1509235200, 377.24
1509840000, 377.76
1510444800, 378.07
1511049600, 378.75
1511654400, 378.77
1512259200, 379.41
1512864000, 380.09
1513468800, 380.09
1514073600, 380.14
1514678400, 380.43
1515283200, 381.28
1515888000, 381.41
1516492800, 381.57
1517097600, 381.47
1517702400, 382.04
1519516800, 381.86
1520121600, 382.39
1520726400, 382.55
1521331200, 382.74
1521936000, 382.55
1522540800, 382.97
1523145600, 384.65
1523750400, 384.67
1524355200, 384.71
1524960000, 384.62
1525564800, 384.91
1526169600, 384.87
1526774400, 385.34
1527379200, 384.3
1527984000, 384.29
1528588800, 384.31
1529193600, 384.07
1529798400, 383.55
1530403200, 383.0
1531008000, 382.78
1531612800, 381.28
1532217600, 381.81
1532822400, 381.55
1533427200, 381.22
1534032000, 380.63
1534636800, 380.2
1535241600, 379.77
1535846400, 379.52
1536451200, 378.66
1537056000, 378.8
1537660800, 378.49
1538265600, 379.0
1538870400, 378.78
1539475200, 379.14
1540080000, 379.22
1540684800, 379.57
1541289600, 379.67
1541894400, 379.81
1542499200, 379.98
1543104000, 381.42
1543708800, 381.31
1544313600, 381.6
1544918400, 381.81
1545523200, 381.96
1546128000, 381.76
1546732800, 382.64
1547337600, 382.36
1547942400, 381.84
1549152000, 383.09
1549756800, 383.6
1550361600, 384.22
1550966400, 383.76
1551571200, 383.71
1552176000, 383.64
1552780800, 384.28
1553385600, 384.96
1553990400, 385.93
1554595200, 385.46
1555200000, 386.3
1555804800, 387.0
1556409600, 386.42
1557014400, 385.85
1557619200, 386.54
1558224000, 386.03
1558828800, 386.93
1559433600, 386.6
1560038400, 386.23
1560643200, 386.29
1561248000, 384.95
1561852800, 384.85
1562457600, 384.92
1563062400, 384.75
1563667200, 383.97
1564272000, 383.41
1564876800, 382.51
1565481600, 381.72
1566086400, 381.6
1566691200, 381.67
1567296000, 381.69
1567900800, 380.74
1568505600, 380.75
1569110400, 380.94
1569715200, 380.8
1570320000, 380.68
1570924800, 380.68
1571529600, 381.1
1572134400, 381.36
1572739200, 381.76
1573344000, 381.92
1573948800, 382.43
1574553600, 382.91
1575158400, 382.9
1575763200, 383.31
1576368000, 383.79
1576972800, 383.9
1577577600, 384.04
1578182400, 384.36
1578787200, 384.41
1579392000, 385.47
1579996800, 386.06
1580601600, 386.19
1581206400, 385.72
1581811200, 385.58
1582416000, 385.24
1583020800, 384.88
1583625600, 385.88
1584230400, 385.64
1584835200, 386.17
1585440000, 386.7
1586044800, 388.0
1586649600, 385.9
1587254400, 386.38
1587859200, 387.19
1588464000, 386.94
1589068800, 388.9
1589673600, 388.84
1590278400, 388.53
1590883200, 388.48
1591488000, 388.16
1592092800, 387.79
1592697600, 387.54
1593302400, 388.11
1593907200, 387.08
1594512000, 386.11
1595116800, 385.73
1595721600, 385.96
1596326400, 384.91
1596931200, 384.68
1597536000, 383.89
1598140800, 383.55
1598745600, 383.16
1599350400, 383.18
1599955200, 383.37
1600560000, 382.98
1601164800, 382.92
1601769600, 382.66
1602374400, 382.72
1602979200, 382.96
1603584000, 382.94
1604188800, 383.61
1604793600, 383.6
1605398400, 384.03
1606003200, 384.32
1606608000, 384.46
1607212800, 384.77
1607817600, 384.89
1608422400, 385.15
1609027200, 385.8
1609632000, 386.01
1610236800, 386.53
1610841600, 386.64
1611446400, 387.05
1612051200, 387.26
1612656000, 386.51
1613260800, 387.44
1613865600, 387.4
1614470400, 387.48
1615075200, 388.54
1615680000, 388.64
1616284800, 388.44
1616889600, 389.17
1617494400, 389.39
1618099200, 389.74
1618704000, 388.67
1619308800, 390.37
1619913600, 390.16
1620518400, 389.87
1621123200, 390.3
1621728000, 390.76
1622332800, 389.35
1622937600, 390.46
1623542400, 390.01
1624147200, 388.88
1624752000, 388.72
1625356800, 388.3
1625961600, 388.68
1626566400, 388.03
1627171200, 387.48
1627776000, 387.16
1628380800, 386.67
1628985600, 385.27
1629590400, 386.05
1630195200, 385.65
1630800000, 385.3
1631404800, 384.48
1632009600, 384.61
1632614400, 384.51
1633219200, 383.43
1633824000, 384.28
1634428800, 384.55
1635033600, 384.79
1635638400, 385.18
1636243200, 385.6
1636848000, 386.09
1637452800, 386.31
1638057600, 386.73
1638662400, 386.91
1639267200, 386.81
1639872000, 388.04
1640476800, 388.19
1641081600, 388.41
1641686400, 388.17
1642291200, 388.69
1642896000, 388.59
1643500800, 389.04
1644105600, 390.91
1644710400, 389.78
1645315200, 390.84
1645920000, 389.38
1646524800, 391.07
1647129600, 391.37
1647734400, 391.55
1648339200, 390.08
1648944000, 391.15
1649548800, 391.6
1650153600, 393.27
1650758400, 393.27
1651363200, 392.99
1651968000, 392.97
1652572800, 393.13
1653177600, 393.55
1653782400, 393.02
1654387200, 393.08
1654992000, 392.35
1655596800, 391.73
1656201600, 391.46
1656806400, 391.01
1657411200, 390.2
1658016000, 389.91
1658620800, 390.12
1659225600, 389.49
1659830400, 389.06
1660435200, 388.76
1661040000, 388.12
1661644800, 387.42
1662249600, 386.91
1662854400, 386.85
1663459200, 386.97
1664064000, 386.87
1664668800, 386.75
1665273600, 386.98
1665878400, 387.03
1666483200, 387.8
1667088000, 387.78
1667692800, 387.95
1668297600, 388.27
1668902400, 389.11
1669507200, 389.59
1670112000, 389.88
1670716800, 389.75
1671321600, 389.58
1671926400, 389.96
1672531200, 390.5
1673136000, 391.61
1673740800, 391.06
1674345600, 391.25
1674950400, 392.0
1675555200, 391.89
1676160000, 391.52
1676764800, 391.82
1677369600, 392.5
1677974400, 391.59
1678579200, 391.94
1679184000, 392.43
1679788800, 394.11
1680393600, 393.4
1680998400, 392.71
1681603200, 393.73
1682208000, 393.22
1682812800, 393.59
1683417600, 393.36
1684022400, 393.84
1684627200, 395.12
1685232000, 394.49
1685836800, 394.08
1686441600, 393.42
1687046400, 393.92
1687651200, 393.37
1688256000, 393.31
1688860800, 393.61
1689465600, 392.64
1690070400, 391.13
1690675200, 391.77
1691280000, 390.76
1691884800, 390.53
1692489600, 389.82
1693094400, 389.41
1693699200, 389.23
1694304000, 389.17
1694908800, 389.15
1695513600, 388.86
1696118400, 388.91
1696723200, 388.74
1697328000, 388.91
1697932800, 389.09
1698537600, 389.45
1699142400, 389.64
1699747200, 390.24
1700352000, 390.44
1700956800, 390.77
1701561600, 391.08
1702166400, 391.7
1702771200, 392.24
1703376000, 392.09
1703980800, 392.26
1704585600, 392.92
1705190400, 393.61
1705795200, 393.04
1706400000, 393.03
1707004800, 392.43
1707609600, 393.45
1708214400, 393.97
1708819200, 393.62
1709424000, 394.17
1710028800, 393.38
1710633600, 394.79
1711238400, 395.15
1711843200, 394.91
1712448000, 396.45
1713052800, 396.38
1713657600, 396.56
1714262400, 396.7
1714867200, 397.08
1715472000, 397.28
1716076800, 396.56
1716681600, 396.28
1717286400, 396.03
1717891200, 396.02
1718496000, 395.86
1719100800, 395.73
1719705600, 395.41
1720310400, 394.86
1720915200, 394.59
1721520000, 394.35
1722124800, 393.6
1722729600, 393.39
1723334400, 392.93
1723939200, 392.31
1724544000, 391.7
1725148800, 391.98
1725753600, 391.0
1726358400, 391.03
1726963200, 391.02
1727568000, 390.99
1729382400, 391.29
1729987200, 391.46
1730592000, 391.76
1731196800, 392.77
1731801600, 393.42
1732406400, 393.36
1733011200, 393.61
1733616000, 394.05
1734220800, 394.46
1734825600, 394.83
1735430400, 394.62
1736035200, 394.99
1736640000, 395.57
1737244800, 396.21
1737849600, 395.64
1738454400, 396.39
1739059200, 396.46
1739664000, 397.31
1740268800, 396.88
1740873600, 397.13
1741478400, 396.64
1742083200, 397.25
1742688000, 397.21
1743292800, 398.39
1743897600, 398.05
1744502400, 397.43
1745107200, 398.76
1745712000, 399.33
1746316800, 399.64
1746921600, 399.78
1747526400, 400.04
1748131200, 400.22
1748736000, 399.43
1749340800, 398.91
1749945600, 398.58
1750550400, 398.5
1751155200, 398.65
1751760000, 397.56
1752364800, 397.48
1752969600, 396.83
1753574400, 396.98
1754179200, 396.61
1754784000, 395.55
1755388800, 395.24
1755993600, 394.73
1756598400, 394.33
1757203200, 393.52
1757808000, 393.25
1758412800, 393.53
1759017600, 393.22
1759622400, 393.47
1760227200, 393.52
1760832000, 393.93
1761436800, 394.13
1762041600, 394.39
1762646400, 395.25
1763251200, 394.85
1763856000, 395.66
1764460800, 396.06
1765065600, 396.27
1765670400, 396.52
1766275200, 397.3
1766880000, 397.59
1767484800, 397.9
1768089600, 397.82
1768694400, 398.13
1769299200, 397.75
1769904000, 398.02
1770508800, 397.98
1771113600, 397.79
1771718400, 398.24
1772323200, 397.92
1772928000, 398.88
1773532800, 400.68
1774137600, 399.62
1774742400, 400.34
1775347200, 401.32
1775952000, 401.22
1776556800, 401.29
1777161600, 401.42
1777766400, 401.74
1778371200, 401.51
1778976000, 402.18
1779580800, 401.44
1780185600, 402.12
1780790400, 401.55
1781395200, 401.31
1782000000, 401.21
1782604800, 400.57
1783209600, 400.06
1783814400, 399.58
1784419200, 398.54
1785024000, 397.86
1785628800, 397.86
1786233600, 397.45
1786838400, 397.23
1787443200, 396.75
1788048000, 396.37
1788652800, 396.35
1789257600, 394.8
1789862400, 395.32
1790467200, 395.55
1791072000, 395.57
1791676800, 395.49
1792281600, 395.72
1792886400, 395.91
1793491200, 396.52
1794096000, 396.9
1794700800, 397.34
1795305600, 397.24
1795910400, 398.1
1796515200, 398.26
1797120000, 398.92
1797724800, 399.09
1798329600, 399.01
1798934400, 399.92
1799539200, 399.86
1800144000, 399.72
1800748800, 399.98
1801353600, 400.2
1801958400, 400.02
1802563200, 400.15
1803168000, 400.36
1803772800, 401.03
1804377600, 401.63
1804982400, 401.8
1805587200, 400.79
1806192000, 402.5
1806796800, 402.74
1807401600, 403.88
1808006400, 403.8
1808611200, 403.22
1809216000, 404.07
1809820800, 404.09
1810425600, 404.31
1811030400, 403.85
1811635200, 403.81
1812240000, 403.45
1812844800, 402.72
1813449600, 402.63
1814054400, 402.36
1814659200, 402.25
1815264000, 401.71
1815868800, 401.02
1816473600, 401.3
1817078400, 398.74
1817683200, 399.21
1818288000, 399.12
1818892800, 399.03
1819497600, 398.8
1820102400, 398.16
1820707200, 397.1
1821312000, 397.57
1821916800, 397.42
1822521600, 397.74
1823126400, 398.51
1823731200, 398.61
1824336000, 398.43
1824940800, 398.87
1825545600, 399.53
1826150400, 400.75
1826755200, 400.42
1827360000, 400.83
1827964800, 400.91
1828569600, 402.4
1829174400, 402.32
1829779200, 402.01
1830384000, 402.25
1830988800, 402.23
1831593600, 402.68
1832198400, 403.26
1832803200, 402.79
1833408000, 404.98
1834012800, 403.22
1834617600, 404.59
1835222400, 403.98
1835827200, 403.99
1836432000, 404.51
1837036800, 405.01
1837641600, 406.16
1838246400, 405.7
1838851200, 408.56
1839456000, 408.16
1840060800, 407.7
1840665600, 407.84
1841270400, 407.51
1841875200, 407.54
1842480000, 407.41
1843084800, 407.92
1843689600, 407.52
1844294400, 406.99
1844899200, 407.02
1845504000, 406.4
1846108800, 405.96
1846713600, 404.93
1847318400, 403.64
1847923200, 403.71
1848528000, 403.76
1849132800, 403.22
1849737600, 402.11
1850342400, 401.78
1850947200, 401.43
1851552000, 401.27
1852156800, 401.13
1852761600, 401.25
1853366400, 400.85
1853971200, 400.82
1854576000, 401.2
1855180800, 401.7
1855785600, 401.82
1856390400, 402.38
1856995200, 403.15
1857600000, 403.12
1858204800, 403.95
1858809600, 404.44
1859414400, 404.16
1860019200, 404.28
1860624000, 404.63
1861228800, 404.66
1861833600, 405.38
1862438400, 405.94
1863043200, 405.91
1863648000, 406.37
1864252800, 406.35
1864857600, 406.2
1865462400, 406.02
1866067200, 406.17
1866672000, 408.07
1867276800, 407.06
1867881600, 406.53
1868486400, 406.73
1869091200, 407.89
1869696000, 408.66
1870300800, 407.19
1870905600, 409.12
1871510400, 409.89
1872115200, 409.04
1872720000, 409.54
1873324800, 409.83
1873929600, 410.18
1874534400, 409.88
1875139200, 409.67
1875744000, 409.62
1876348800, 408.82
1876953600, 408.43
1877558400, 407.77
1878163200, 407.56
1878768000, 407.11
1879372800, 406.76
1879977600, 406.92
