7.51680e+06,3.16190e+02
8.12160e+06,3.17310e+02
8.72640e+06,3.17690e+02
9.33120e+06,3.17580e+02
9.93600e+06,3.16480e+02
1.05408e+07,3.16950e+02
1.17504e+07,3.17560e+02
1.23552e+07,3.17990e+02
1.59840e+07,3.15850e+02
1.65888e+07,3.15850e+02
1.71936e+07,3.15460e+02
1.77984e+07,3.15590e+02
1.84032e+07,3.15640e+02
1.90080e+07,3.15100e+02
1.96128e+07,3.15090e+02
2.08224e+07,3.14140e+02
2.14272e+07,3.13540e+02
2.68704e+07,3.13050e+02
2.74752e+07,3.13260e+02
2.80800e+07,3.13570e+02
2.86848e+07,3.14010e+02
2.92896e+07,3.14560e+02
2.98944e+07,3.14410e+02
3.04992e+07,3.14770e+02
3.11040e+07,3.15210e+02
3.17088e+07,3.15240e+02
3.23136e+07,3.15500e+02
3.29184e+07,3.15690e+02
3.35232e+07,3.15860e+02
3.41280e+07,3.15420e+02
3.53376e+07,3.16940e+02
3.59424e+07,3.16610e+02
3.65472e+07,3.16620e+02
3.71520e+07,3.16810e+02
3.83616e+07,3.16730e+02
3.89664e+07,3.16710e+02
3.95712e+07,3.17720e+02
4.01760e+07,3.17120e+02
4.07808e+07,3.17640e+02
4.13856e+07,3.18320e+02
4.19904e+07,3.18270e+02
4.25952e+07,3.18780e+02
4.32000e+07,3.18050e+02
4.38048e+07,3.18430e+02
4.50144e+07,3.18530e+02
4.56192e+07,3.18140e+02
4.62240e+07,3.17880e+02
4.68288e+07,3.17760e+02
4.74336e+07,3.16860e+02
4.80384e+07,3.16830e+02
4.86432e+07,3.16450e+02
4.92480e+07,3.16160e+02
4.98528e+07,3.15620e+02
5.04576e+07,3.14910e+02
5.16672e+07,3.15000e+02
5.22720e+07,3.14150e+02
5.28768e+07,3.14450e+02
5.34816e+07,3.13930e+02
5.40864e+07,3.13570e+02
5.46912e+07,3.13540e+02
5.52960e+07,3.13040e+02
5.59008e+07,3.13150e+02
5.65056e+07,3.13430e+02
5.71104e+07,3.13460e+02
5.77152e+07,3.14120e+02
5.83200e+07,3.14420e+02
5.89248e+07,3.14880e+02
5.95296e+07,3.15200e+02
6.01344e+07,3.15110e+02
6.07392e+07,3.15060e+02
6.13440e+07,3.15640e+02
6.19488e+07,3.15860e+02
6.25536e+07,3.15770e+02
6.31584e+07,3.15720e+02
6.37632e+07,3.16400e+02
6.43680e+07,3.16730e+02
6.49728e+07,3.16570e+02
6.55776e+07,3.16680e+02
6.61824e+07,3.16610e+02
6.67872e+07,3.16980e+02
6.73920e+07,3.17420e+02
6.79968e+07,3.17000e+02
6.86016e+07,3.16960e+02
6.92064e+07,3.17760e+02
6.98112e+07,3.18070e+02
7.04160e+07,3.17770e+02
7.10208e+07,3.18610e+02
7.16256e+07,3.19340e+02
7.22304e+07,3.19010e+02
7.28352e+07,3.19030e+02
7.34400e+07,3.19770e+02
7.40448e+07,3.19960e+02
7.46496e+07,3.19820e+02
7.52544e+07,3.20040e+02
7.58592e+07,3.20060e+02
7.64640e+07,3.19460e+02
7.70688e+07,3.20080e+02
7.76736e+07,3.19420e+02
7.82784e+07,3.19090e+02
7.88832e+07,3.18180e+02
7.94880e+07,3.18640e+02
8.00928e+07,3.18410e+02
8.06976e+07,3.17910e+02
8.13024e+07,3.17330e+02
8.19072e+07,3.16620e+02
8.25120e+07,3.16700e+02
8.31168e+07,3.15100e+02
8.37216e+07,3.14780e+02
8.43264e+07,3.14720e+02
8.49312e+07,3.14580e+02
8.55360e+07,3.14280e+02
8.61408e+07,3.13330e+02
8.67456e+07,3.13660e+02
8.73504e+07,3.13320e+02
8.79552e+07,3.13920e+02
8.85600e+07,3.14210e+02
8.91648e+07,3.14290e+02
8.97696e+07,3.14500e+02
9.03744e+07,3.15100e+02
9.09792e+07,3.15100e+02
9.15840e+07,3.15410e+02
9.21888e+07,3.15840e+02
9.27936e+07,3.16070e+02
9.33984e+07,3.16210e+02
9.40032e+07,3.16400e+02
9.46080e+07,3.16670e+02
9.52128e+07,3.16730e+02
9.58176e+07,3.17020e+02
9.64224e+07,3.17030e+02
9.70272e+07,3.17010e+02
9.76320e+07,3.17060e+02
9.82368e+07,3.17750e+02
9.88416e+07,3.17940e+02
9.94464e+07,3.18000e+02
1.00051e+08,3.18040e+02
1.00656e+08,3.18510e+02
1.01261e+08,3.18920e+02
1.01866e+08,3.18710e+02
1.02470e+08,3.19410e+02
1.03075e+08,3.19550e+02
1.03680e+08,3.18900e+02
1.04285e+08,3.19740e+02
1.04890e+08,3.19670e+02
1.05494e+08,3.20670e+02
1.06099e+08,3.20460e+02
1.06704e+08,3.20610e+02
1.07309e+08,3.20360e+02
1.07914e+08,3.20090e+02
1.08518e+08,3.20020e+02
1.09123e+08,3.19620e+02
1.09728e+08,3.19490e+02
1.10333e+08,3.19260e+02
1.10938e+08,3.19070e+02
1.11542e+08,3.18490e+02
1.12147e+08,3.17160e+02
1.12752e+08,3.17970e+02
1.13357e+08,3.17910e+02
1.13962e+08,3.17330e+02
1.14566e+08,3.16760e+02
1.15171e+08,3.15260e+02
1.15776e+08,3.15280e+02
1.16381e+08,3.14970e+02
1.16986e+08,3.14530e+02
1.17590e+08,3.15060e+02
1.18195e+08,3.15610e+02
1.18800e+08,3.14970e+02
1.19405e+08,3.15430e+02
1.20010e+08,3.15480e+02
1.20614e+08,3.15720e+02
1.21219e+08,3.15820e+02
1.21824e+08,3.15700e+02
1.22429e+08,3.16210e+02
1.23034e+08,3.16550e+02
1.23638e+08,3.16520e+02
1.24243e+08,3.17020e+02
1.24848e+08,3.16940e+02
1.25453e+08,3.17180e+02
1.26058e+08,3.17460e+02
1.26662e+08,3.17990e+02
1.27267e+08,3.18120e+02
1.27872e+08,3.18070e+02
1.28477e+08,3.17780e+02
1.29082e+08,3.18080e+02
1.29686e+08,3.18350e+02
1.30291e+08,3.18920e+02
1.30896e+08,3.19380e+02
1.31501e+08,3.19280e+02
1.32106e+08,3.19460e+02
1.32710e+08,3.19950e+02
1.33315e+08,3.19780e+02
1.33920e+08,3.20270e+02
1.34525e+08,3.20260e+02
1.35130e+08,3.21030e+02
1.35734e+08,3.20780e+02
1.36339e+08,3.20360e+02
1.36944e+08,3.20890e+02
1.37549e+08,3.20780e+02
1.38154e+08,3.21050e+02
1.38758e+08,3.21160e+02
1.39363e+08,3.20910e+02
1.39968e+08,3.20870e+02
1.40573e+08,3.20520e+02
1.41178e+08,3.20150e+02
1.41782e+08,3.20230e+02
1.42387e+08,3.20100e+02
1.42992e+08,3.19950e+02
1.43597e+08,3.19010e+02
1.44202e+08,3.18750e+02
1.44806e+08,3.18680e+02
1.45411e+08,3.17240e+02
1.46016e+08,3.17480e+02
1.48435e+08,3.16650e+02
1.49040e+08,3.15720e+02
1.49645e+08,3.15920e+02
1.50250e+08,3.15100e+02
1.50854e+08,3.15400e+02
1.51459e+08,3.15720e+02
1.52064e+08,3.15780e+02
1.52669e+08,3.15940e+02
1.53274e+08,3.16490e+02
1.53878e+08,3.16920e+02
1.54483e+08,3.17080e+02
1.55088e+08,3.17190e+02
1.55693e+08,3.17310e+02
1.56298e+08,3.17660e+02
1.56902e+08,3.18180e+02
1.58112e+08,3.18540e+02
1.58717e+08,3.18730e+02
1.59322e+08,3.18900e+02
1.59926e+08,3.18820e+02
1.60531e+08,3.18770e+02
1.61136e+08,3.18950e+02
1.62346e+08,3.19370e+02
1.62950e+08,3.19350e+02
1.63555e+08,3.19700e+02
1.64160e+08,3.19800e+02
1.64765e+08,3.20340e+02
1.65370e+08,3.20290e+02
1.65974e+08,3.20380e+02
1.66579e+08,3.20960e+02
1.67184e+08,3.22050e+02
1.67789e+08,3.21920e+02
1.68998e+08,3.21970e+02
1.69603e+08,3.22280e+02
1.70208e+08,3.22270e+02
1.70813e+08,3.22320e+02
1.71418e+08,3.22090e+02
1.72022e+08,3.21830e+02
1.72627e+08,3.20880e+02
1.73232e+08,3.20490e+02
1.73837e+08,3.20120e+02
1.74442e+08,3.19820e+02
1.75046e+08,3.19560e+02
1.75651e+08,3.19060e+02
1.76256e+08,3.18600e+02
1.76861e+08,3.18270e+02
1.77466e+08,3.17730e+02
1.78070e+08,3.17120e+02
1.78675e+08,3.16440e+02
1.79280e+08,3.16810e+02
1.79885e+08,3.15990e+02
1.80490e+08,3.16030e+02
1.81094e+08,3.15930e+02
1.81699e+08,3.16280e+02
1.82304e+08,3.15650e+02
1.82909e+08,3.16140e+02
1.83514e+08,3.16360e+02
1.84118e+08,3.16630e+02
1.84723e+08,3.16830e+02
1.85328e+08,3.17130e+02
1.86538e+08,3.17560e+02
1.87142e+08,3.18070e+02
1.87747e+08,3.18270e+02
1.88352e+08,3.18590e+02
1.88957e+08,3.18740e+02
1.89562e+08,3.19040e+02
1.90166e+08,3.19490e+02
1.90771e+08,3.19880e+02
2.02262e+08,3.22070e+02
2.02867e+08,3.22060e+02
2.04682e+08,3.21570e+02
2.05286e+08,3.21140e+02
2.05891e+08,3.19950e+02
2.06496e+08,3.20280e+02
2.07101e+08,3.20020e+02
2.07706e+08,3.19140e+02
2.08915e+08,3.18610e+02
2.09520e+08,3.18230e+02
2.10125e+08,3.18110e+02
2.10730e+08,3.17480e+02
2.11334e+08,3.16570e+02
2.11939e+08,3.15590e+02
2.12544e+08,3.17010e+02
2.13149e+08,3.16930e+02
2.13754e+08,3.16510e+02
2.14358e+08,3.16860e+02
2.14963e+08,3.17050e+02
2.15568e+08,3.17650e+02
2.16173e+08,3.17770e+02
2.16778e+08,3.17650e+02
2.17382e+08,3.17520e+02
2.17987e+08,3.18110e+02
2.18592e+08,3.18420e+02
2.19197e+08,3.18580e+02
2.19802e+08,3.18930e+02
2.20406e+08,3.18910e+02
2.21011e+08,3.19080e+02
2.21616e+08,3.19170e+02
2.22221e+08,3.19160e+02
2.22826e+08,3.19790e+02
2.23430e+08,3.20120e+02
2.24035e+08,3.20200e+02
2.24640e+08,3.20160e+02
2.25245e+08,3.20700e+02
2.25850e+08,3.20890e+02
2.26454e+08,3.21070e+02
2.27059e+08,3.20980e+02
2.27664e+08,3.20490e+02
2.28269e+08,3.21400e+02
2.28874e+08,3.21950e+02
2.29478e+08,3.22270e+02
2.30083e+08,3.22170e+02
2.30688e+08,3.21860e+02
2.31293e+08,3.22460e+02
2.31898e+08,3.22220e+02
2.32502e+08,3.21940e+02
2.33107e+08,3.21690e+02
2.33712e+08,3.22260e+02
2.34317e+08,3.21870e+02
2.34922e+08,3.21770e+02
2.35526e+08,3.21770e+02
2.36131e+08,3.21990e+02
2.36736e+08,3.21970e+02
2.37341e+08,3.21850e+02
2.37946e+08,3.21760e+02
2.38550e+08,3.20470e+02
2.39155e+08,3.19490e+02
2.39760e+08,3.19470e+02
2.40365e+08,3.18020e+02
2.40970e+08,3.18820e+02
2.41574e+08,3.18730e+02
2.42179e+08,3.18390e+02
2.42784e+08,3.18050e+02
2.43389e+08,3.18260e+02
2.43994e+08,3.16850e+02
2.44598e+08,3.16600e+02
2.45203e+08,3.17260e+02
2.45808e+08,3.17860e+02
2.46413e+08,3.17560e+02
2.47018e+08,3.17630e+02
2.47622e+08,3.18300e+02
2.48227e+08,3.19260e+02
2.48832e+08,3.18990e+02
2.49437e+08,3.19170e+02
2.50042e+08,3.19090e+02
2.50646e+08,3.19370e+02
2.51251e+08,3.19390e+02
2.51856e+08,3.19700e+02
2.52461e+08,3.19690e+02
2.53066e+08,3.20490e+02
2.53670e+08,3.20630e+02
2.54275e+08,3.21090e+02
2.54880e+08,3.21160e+02
2.55485e+08,3.21260e+02
2.56090e+08,3.21750e+02
2.56694e+08,3.21670e+02
2.57299e+08,3.21800e+02
2.57904e+08,3.22100e+02
2.58509e+08,3.22140e+02
2.59114e+08,3.22570e+02
2.59718e+08,3.22860e+02
2.60323e+08,3.23550e+02
2.60928e+08,3.23620e+02
2.61533e+08,3.23880e+02
2.62138e+08,3.23910e+02
2.62742e+08,3.23530e+02
2.63347e+08,3.24000e+02
2.63952e+08,3.24100e+02
2.64557e+08,3.23720e+02
2.65162e+08,3.24310e+02
2.65766e+08,3.24020e+02
2.66371e+08,3.23880e+02
2.66976e+08,3.23750e+02
2.67581e+08,3.23320e+02
2.68186e+08,3.22820e+02
2.68790e+08,3.22900e+02
2.71210e+08,3.21310e+02
2.71814e+08,3.20850e+02
2.72419e+08,3.19160e+02
2.73024e+08,3.19640e+02
2.73629e+08,3.19940e+02
2.74234e+08,3.18220e+02
2.74838e+08,3.18460e+02
2.75443e+08,3.18310e+02
2.76048e+08,3.17900e+02
2.76653e+08,3.17900e+02
2.77258e+08,3.18210e+02
2.77862e+08,3.18610e+02
2.78467e+08,3.18390e+02
2.79677e+08,3.19590e+02
2.80282e+08,3.20030e+02
2.80886e+08,3.20240e+02
2.81491e+08,3.20800e+02
2.82096e+08,3.20870e+02
2.82701e+08,3.21160e+02
2.83306e+08,3.21310e+02
2.83910e+08,3.21370e+02
2.84515e+08,3.21920e+02
2.85120e+08,3.22930e+02
2.86934e+08,3.22190e+02
2.87539e+08,3.22230e+02
2.88144e+08,3.22860e+02
2.88749e+08,3.22600e+02
2.89354e+08,3.22940e+02
2.89958e+08,3.22600e+02
2.90563e+08,3.23330e+02
2.91168e+08,3.23240e+02
2.91773e+08,3.23150e+02
2.92378e+08,3.24210e+02
2.92982e+08,3.24410e+02
2.93587e+08,3.24600e+02
2.94192e+08,3.25160e+02
2.94797e+08,3.25260e+02
2.95402e+08,3.24780e+02
2.96006e+08,3.25090e+02
2.96611e+08,3.24940e+02
2.97216e+08,3.24950e+02
2.97821e+08,3.24650e+02
2.98426e+08,3.23310e+02
2.99030e+08,3.23500e+02
2.99635e+08,3.22890e+02
3.00240e+08,3.22850e+02
3.00845e+08,3.22450e+02
3.01450e+08,3.22400e+02
3.02054e+08,3.22040e+02
3.02659e+08,3.21650e+02
3.03264e+08,3.21400e+02
3.03869e+08,3.20480e+02
3.04474e+08,3.20010e+02
3.05078e+08,3.20070e+02
3.05683e+08,3.19430e+02
3.06288e+08,3.19350e+02
3.06893e+08,3.19030e+02
3.07498e+08,3.18810e+02
3.08102e+08,3.18880e+02
3.08707e+08,3.19860e+02
3.09312e+08,3.19470e+02
3.09917e+08,3.19860e+02
3.10522e+08,3.20010e+02
3.11126e+08,3.20340e+02
3.11731e+08,3.20910e+02
3.12336e+08,3.21540e+02
3.12941e+08,3.21400e+02
3.13546e+08,3.21890e+02
3.14150e+08,3.22290e+02
3.14755e+08,3.21980e+02
3.15360e+08,3.22300e+02
3.15965e+08,3.22460e+02
3.16570e+08,3.22500e+02
3.17174e+08,3.22590e+02
3.17779e+08,3.22830e+02
3.18384e+08,3.22660e+02
3.18989e+08,3.23170e+02
3.19594e+08,3.23460e+02
3.20198e+08,3.23180e+02
3.20803e+08,3.23150e+02
3.21408e+08,3.23850e+02
3.22013e+08,3.23850e+02
3.22618e+08,3.24210e+02
3.23222e+08,3.24770e+02
3.23827e+08,3.24790e+02
3.24432e+08,3.25040e+02
3.25037e+08,3.24840e+02
3.25642e+08,3.25450e+02
3.26246e+08,3.25630e+02
3.26851e+08,3.25090e+02
3.27456e+08,3.25520e+02
3.28061e+08,3.25860e+02
3.28666e+08,3.25670e+02
3.29270e+08,3.25710e+02
3.29875e+08,3.25560e+02
3.30480e+08,3.24990e+02
3.31085e+08,3.24630e+02
3.31690e+08,3.24700e+02
3.32294e+08,3.24130e+02
3.32899e+08,3.23940e+02
3.33504e+08,3.23400e+02
3.34109e+08,3.22490e+02
3.34714e+08,3.22270e+02
3.35318e+08,3.22020e+02
3.35923e+08,3.21740e+02
3.36528e+08,3.21420e+02
3.37133e+08,3.20440e+02
3.37738e+08,3.21180e+02
3.38342e+08,3.19780e+02
3.38947e+08,3.19890e+02
3.39552e+08,3.20570e+02
3.40157e+08,3.20520e+02
3.40762e+08,3.20260e+02
3.41366e+08,3.19920e+02
3.41971e+08,3.20700e+02
3.42576e+08,3.20890e+02
3.43181e+08,3.21400e+02
3.43786e+08,3.21780e+02
3.44390e+08,3.22060e+02
3.44995e+08,3.22440e+02
3.45600e+08,3.22910e+02
3.46205e+08,3.23330e+02
3.46810e+08,3.23190e+02
3.47414e+08,3.23390e+02
3.48019e+08,3.24060e+02
3.48624e+08,3.24360e+02
3.49229e+08,3.24140e+02
3.49834e+08,3.24160e+02
3.50438e+08,3.23920e+02
3.51043e+08,3.24370e+02
3.51648e+08,3.24860e+02
3.52253e+08,3.25140e+02
3.52858e+08,3.25580e+02
3.53462e+08,3.25720e+02
3.54067e+08,3.25960e+02
3.54672e+08,3.25890e+02
3.55277e+08,3.26270e+02
3.55882e+08,3.27130e+02
3.56486e+08,3.26580e+02
3.57091e+08,3.26570e+02
3.57696e+08,3.27520e+02
3.58301e+08,3.27820e+02
3.58906e+08,3.26860e+02
3.59510e+08,3.26920e+02
3.60115e+08,3.27430e+02
3.60720e+08,3.26510e+02
3.61325e+08,3.26780e+02
3.61930e+08,3.26730e+02
3.62534e+08,3.26370e+02
3.63139e+08,3.26160e+02
3.63744e+08,3.26070e+02
3.64349e+08,3.25720e+02
3.64954e+08,3.25470e+02
3.65558e+08,3.24500e+02
3.66163e+08,3.24560e+02
3.66768e+08,3.23140e+02
3.67373e+08,3.22560e+02
3.67978e+08,3.23140e+02
3.68582e+08,3.22210e+02
3.69187e+08,3.22790e+02
3.69792e+08,3.22840e+02
3.70397e+08,3.21960e+02
3.71002e+08,3.21500e+02
3.71606e+08,3.21820e+02
3.72211e+08,3.22000e+02
3.72816e+08,3.21930e+02
3.73421e+08,3.22210e+02
3.74026e+08,3.22640e+02
3.74630e+08,3.22780e+02
3.75235e+08,3.23100e+02
3.75840e+08,3.23520e+02
3.76445e+08,3.23910e+02
3.77050e+08,3.23990e+02
3.77654e+08,3.24220e+02
3.78259e+08,3.24500e+02
3.78864e+08,3.24700e+02
3.79469e+08,3.25400e+02
3.80074e+08,3.25050e+02
3.80678e+08,3.24800e+02
3.81283e+08,3.25550e+02
3.81888e+08,3.25700e+02
3.82493e+08,3.26020e+02
3.83098e+08,3.26320e+02
3.83702e+08,3.26170e+02
3.84307e+08,3.26850e+02
3.84912e+08,3.26800e+02
3.85517e+08,3.27510e+02
3.86122e+08,3.26950e+02
3.86726e+08,3.28200e+02
3.87331e+08,3.27840e+02
3.87936e+08,3.27810e+02
3.88541e+08,3.28550e+02
3.89146e+08,3.27990e+02
3.89750e+08,3.27560e+02
3.90355e+08,3.28030e+02
3.90960e+08,3.28330e+02
3.91565e+08,3.27980e+02
3.92170e+08,3.27550e+02
3.92774e+08,3.27860e+02
3.93379e+08,3.27710e+02
3.93984e+08,3.27230e+02
3.94589e+08,3.27290e+02
3.95194e+08,3.26240e+02
3.95798e+08,3.26280e+02
3.96403e+08,3.25630e+02
3.97008e+08,3.25240e+02
3.97613e+08,3.25210e+02
3.98218e+08,3.24860e+02
3.98822e+08,3.24840e+02
3.99427e+08,3.23330e+02
4.00032e+08,3.22970e+02
4.00637e+08,3.23580e+02
4.01242e+08,3.23180e+02
4.01846e+08,3.23150e+02
4.02451e+08,3.23210e+02
4.03056e+08,3.23560e+02
4.03661e+08,3.22920e+02
4.04266e+08,3.23020e+02
4.04870e+08,3.23180e+02
4.05475e+08,3.23690e+02
4.06080e+08,3.23760e+02
4.06685e+08,3.24230e+02
4.07290e+08,3.24710e+02
4.07894e+08,3.24730e+02
4.08499e+08,3.25000e+02
4.09104e+08,3.25290e+02
4.09709e+08,3.25580e+02
4.10314e+08,3.25770e+02
4.10918e+08,3.25890e+02
4.11523e+08,3.25900e+02
4.12128e+08,3.26720e+02
4.12733e+08,3.26680e+02
4.13338e+08,3.26550e+02
4.13942e+08,3.26490e+02
4.14547e+08,3.26790e+02
4.15152e+08,3.27050e+02
4.15757e+08,3.27150e+02
4.16362e+08,3.27340e+02
4.16966e+08,3.27080e+02
4.17571e+08,3.27450e+02
4.18176e+08,3.27440e+02
4.18781e+08,3.27100e+02
4.19386e+08,3.27710e+02
4.19990e+08,3.28560e+02
4.20595e+08,3.28200e+02
4.21200e+08,3.29070e+02
4.21805e+08,3.29280e+02
4.22410e+08,3.28920e+02
4.23014e+08,3.28810e+02
4.23619e+08,3.28560e+02
4.24224e+08,3.28800e+02
4.24829e+08,3.28180e+02
4.25434e+08,3.28520e+02
4.26038e+08,3.27920e+02
4.26643e+08,3.27880e+02
4.27248e+08,3.27550e+02
4.27853e+08,3.26210e+02
4.28458e+08,3.26740e+02
4.29062e+08,3.26120e+02
4.29667e+08,3.25610e+02
4.30272e+08,3.25390e+02
4.30877e+08,3.24040e+02
4.31482e+08,3.23650e+02
4.32086e+08,3.23510e+02
4.32691e+08,3.23260e+02
4.33296e+08,3.23300e+02
4.33901e+08,3.23320e+02
4.34506e+08,3.22950e+02
4.35110e+08,3.23520e+02
4.35715e+08,3.23690e+02
4.36320e+08,3.24400e+02
4.36925e+08,3.24360e+02
4.37530e+08,3.24530e+02
4.38134e+08,3.25040e+02
4.38739e+08,3.25510e+02
4.39344e+08,3.25380e+02
4.39949e+08,3.25930e+02
4.40554e+08,3.26280e+02
4.41158e+08,3.26350e+02
4.41763e+08,3.26610e+02
4.42368e+08,3.26670e+02
4.42973e+08,3.26620e+02
4.43578e+08,3.26680e+02
4.44182e+08,3.27240e+02
4.44787e+08,3.27400e+02
4.45392e+08,3.27950e+02
4.45997e+08,3.27830e+02
4.46602e+08,3.27420e+02
4.47206e+08,3.27580e+02
4.47811e+08,3.27160e+02
4.48416e+08,3.27780e+02
4.49021e+08,3.28620e+02
4.49626e+08,3.28970e+02
4.50230e+08,3.29470e+02
4.50835e+08,3.29830e+02
4.51440e+08,3.30130e+02
4.52045e+08,3.30020e+02
4.52650e+08,3.30040e+02
4.53254e+08,3.29750e+02
4.53859e+08,3.30110e+02
4.54464e+08,3.30210e+02
4.55069e+08,3.29710e+02
4.55674e+08,3.29150e+02
4.56278e+08,3.29040e+02
4.56883e+08,3.28520e+02
4.57488e+08,3.28630e+02
4.58093e+08,3.28300e+02
4.58698e+08,3.27720e+02
4.59302e+08,3.28140e+02
4.59907e+08,3.27510e+02
4.60512e+08,3.26920e+02
4.61117e+08,3.26660e+02
4.61722e+08,3.26570e+02
4.62326e+08,3.25050e+02
4.62931e+08,3.25400e+02
4.63536e+08,3.25770e+02
4.64141e+08,3.24810e+02
4.64746e+08,3.24260e+02
4.65350e+08,3.24230e+02
4.65955e+08,3.24880e+02
4.66560e+08,3.25520e+02
4.67165e+08,3.25110e+02
4.67770e+08,3.25860e+02
4.68374e+08,3.26320e+02
4.68979e+08,3.26130e+02
4.69584e+08,3.26440e+02
4.70189e+08,3.26980e+02
4.70794e+08,3.26940e+02
4.71398e+08,3.27160e+02
4.72003e+08,3.27600e+02
4.72608e+08,3.27910e+02
4.73213e+08,3.28260e+02
4.73818e+08,3.28400e+02
4.74422e+08,3.28440e+02
4.75027e+08,3.28660e+02
4.75632e+08,3.28860e+02
4.76237e+08,3.29190e+02
4.76842e+08,3.29530e+02
4.77446e+08,3.29670e+02
4.78051e+08,3.29700e+02
4.78656e+08,3.29950e+02
4.79261e+08,3.30110e+02
4.79866e+08,3.30550e+02
4.80470e+08,3.30830e+02
4.81075e+08,3.30680e+02
4.81680e+08,3.31220e+02
4.82285e+08,3.31100e+02
4.82890e+08,3.31940e+02
4.83494e+08,3.32160e+02
4.84099e+08,3.32210e+02
4.84704e+08,3.32350e+02
4.85309e+08,3.32630e+02
4.85914e+08,3.32580e+02
4.86518e+08,3.32270e+02
4.87123e+08,3.32580e+02
4.87728e+08,3.32020e+02
4.88333e+08,3.31630e+02
4.88938e+08,3.31430e+02
4.89542e+08,3.31530e+02
4.90147e+08,3.31070e+02
4.90752e+08,3.30080e+02
4.91357e+08,3.30130e+02
4.91962e+08,3.30050e+02
4.92566e+08,3.29540e+02
4.93171e+08,3.29360e+02
4.93776e+08,3.28530e+02
4.94381e+08,3.28450e+02
4.94986e+08,3.27650e+02
4.95590e+08,3.27810e+02
4.96195e+08,3.27100e+02
4.96800e+08,3.26600e+02
4.97405e+08,3.27050e+02
4.98010e+08,3.27400e+02
4.98614e+08,3.27480e+02
4.99219e+08,3.27180e+02
4.99824e+08,3.27590e+02
5.00429e+08,3.28020e+02
5.01034e+08,3.28200e+02
5.01638e+08,3.28570e+02
5.02243e+08,3.29050e+02
5.02848e+08,3.28700e+02
5.03453e+08,3.28650e+02
5.04058e+08,3.28240e+02
5.04662e+08,3.28710e+02
5.05267e+08,3.28910e+02
5.05872e+08,3.29290e+02
5.06477e+08,3.29410e+02
5.07082e+08,3.29850e+02
5.07686e+08,3.30540e+02
5.08291e+08,3.30810e+02
5.08896e+08,3.30610e+02
5.09501e+08,3.30680e+02
5.10106e+08,3.30790e+02
5.10710e+08,3.31200e+02
5.11315e+08,3.32110e+02
5.11920e+08,3.32000e+02
5.12525e+08,3.31560e+02
5.13130e+08,3.32470e+02
5.13734e+08,3.32140e+02
5.14339e+08,3.32930e+02
5.14944e+08,3.33170e+02
5.15549e+08,3.32950e+02
5.16154e+08,3.33090e+02
5.16758e+08,3.33270e+02
5.17363e+08,3.32870e+02
5.17968e+08,3.32930e+02
5.18573e+08,3.32030e+02
5.19178e+08,3.32030e+02
5.19782e+08,3.32260e+02
5.20387e+08,3.31730e+02
5.20992e+08,3.31730e+02
5.21597e+08,3.31290e+02
5.22202e+08,3.30470e+02
5.22806e+08,3.31020e+02
5.23411e+08,3.30090e+02
5.24016e+08,3.29920e+02
5.24621e+08,3.29290e+02
5.25226e+08,3.28970e+02
5.25830e+08,3.28190e+02
5.26435e+08,3.28030e+02
5.27040e+08,3.27350e+02
5.27645e+08,3.26910e+02
5.28250e+08,3.27380e+02
5.28854e+08,3.27390e+02
5.29459e+08,3.27060e+02
5.30064e+08,3.27560e+02
5.30669e+08,3.27700e+02
5.31274e+08,3.27990e+02
5.31878e+08,3.28090e+02
5.32483e+08,3.28830e+02
5.33088e+08,3.28650e+02
5.33693e+08,3.28750e+02
5.34298e+08,3.29500e+02
5.34902e+08,3.29730e+02
5.35507e+08,3.29820e+02
5.36112e+08,3.29780e+02
5.36717e+08,3.29930e+02
5.37322e+08,3.29820e+02
5.37926e+08,3.30270e+02
5.38531e+08,3.31130e+02
5.39136e+08,3.31180e+02
5.39741e+08,3.31470e+02
5.40346e+08,3.31000e+02
5.40950e+08,3.31720e+02
5.41555e+08,3.31880e+02
5.42160e+08,3.31610e+02
5.42765e+08,3.31960e+02
5.43370e+08,3.32270e+02
5.43974e+08,3.32580e+02
5.44579e+08,3.33030e+02
5.45184e+08,3.33580e+02
5.45789e+08,3.33540e+02
5.46394e+08,3.33130e+02
5.46998e+08,3.33940e+02
5.47603e+08,3.33930e+02
5.48208e+08,3.33760e+02
5.48813e+08,3.33730e+02
5.49418e+08,3.34130e+02
5.50022e+08,3.33870e+02
5.50627e+08,3.33380e+02
5.51232e+08,3.33450e+02
5.51837e+08,3.33190e+02
5.52442e+08,3.32710e+02
5.53046e+08,3.32050e+02
5.53651e+08,3.31050e+02
5.54256e+08,3.31570e+02
5.54861e+08,3.30830e+02
5.55466e+08,3.30700e+02
5.56070e+08,3.30350e+02
5.56675e+08,3.29300e+02
5.57280e+08,3.28880e+02
5.57885e+08,3.29450e+02
5.58490e+08,3.28520e+02
5.59094e+08,3.28090e+02
5.59699e+08,3.28280e+02
5.60304e+08,3.28030e+02
5.60909e+08,3.28050e+02
5.61514e+08,3.28570e+02
5.62118e+08,3.28810e+02
5.62723e+08,3.29350e+02
5.63328e+08,3.29200e+02
5.63933e+08,3.29170e+02
5.64538e+08,3.29540e+02
5.65142e+08,3.30140e+02
5.65747e+08,3.30350e+02
5.66352e+08,3.30540e+02
5.66957e+08,3.31130e+02
5.67562e+08,3.31290e+02
5.68166e+08,3.31570e+02
5.68771e+08,3.31510e+02
5.69376e+08,3.31740e+02
5.69981e+08,3.31870e+02
5.70586e+08,3.32280e+02
5.71190e+08,3.32190e+02
5.71795e+08,3.32520e+02
5.72400e+08,3.33260e+02
5.73005e+08,3.32480e+02
5.73610e+08,3.32810e+02
5.74214e+08,3.33600e+02
5.74819e+08,3.33140e+02
5.75424e+08,3.34390e+02
5.76029e+08,3.34730e+02
5.76634e+08,3.34260e+02
5.77238e+08,3.34420e+02
5.77843e+08,3.34540e+02
5.78448e+08,3.34740e+02
5.79053e+08,3.34330e+02
5.79658e+08,3.34600e+02
5.80262e+08,3.35430e+02
5.80867e+08,3.34870e+02
5.81472e+08,3.34360e+02
5.82077e+08,3.34630e+02
5.82682e+08,3.34320e+02
5.83891e+08,3.33660e+02
5.84496e+08,3.33420e+02
5.85101e+08,3.32850e+02
5.85706e+08,3.32470e+02
5.86310e+08,3.32130e+02
5.86915e+08,3.31720e+02
5.87520e+08,3.30650e+02
5.88125e+08,3.30690e+02
5.88730e+08,3.30090e+02
5.89334e+08,3.29750e+02
5.89939e+08,3.30090e+02
5.90544e+08,3.29330e+02
5.91149e+08,3.28420e+02
5.91754e+08,3.28850e+02
5.92358e+08,3.29060e+02
5.92963e+08,3.29600e+02
5.93568e+08,3.29170e+02
5.94173e+08,3.29030e+02
5.94778e+08,3.29840e+02
5.95382e+08,3.30430e+02
5.95987e+08,3.30590e+02
5.96592e+08,3.30700e+02
5.97197e+08,3.31150e+02
5.97802e+08,3.31330e+02
5.98406e+08,3.31920e+02
5.99011e+08,3.32200e+02
5.99616e+08,3.32580e+02
6.00221e+08,3.32430e+02
6.00826e+08,3.33140e+02
6.01430e+08,3.33240e+02
6.02035e+08,3.33220e+02
6.02640e+08,3.33410e+02
6.03245e+08,3.33330e+02
6.03850e+08,3.33450e+02
6.04454e+08,3.33630e+02
6.05059e+08,3.34100e+02
6.05664e+08,3.34670e+02
6.06269e+08,3.35110e+02
6.06874e+08,3.35020e+02
6.07478e+08,3.35530e+02
6.08083e+08,3.35940e+02
6.08688e+08,3.36010e+02
6.09293e+08,3.36120e+02
6.09898e+08,3.36780e+02
6.10502e+08,3.36800e+02
6.11107e+08,3.36470e+02
6.11712e+08,3.36840e+02
6.12317e+08,3.36720e+02
6.12922e+08,3.36490e+02
6.13526e+08,3.36310e+02
6.14131e+08,3.36190e+02
6.14736e+08,3.36030e+02
6.15341e+08,3.35590e+02
6.15946e+08,3.35100e+02
6.16550e+08,3.35110e+02
6.17155e+08,3.34600e+02
6.17760e+08,3.33760e+02
6.18365e+08,3.33010e+02
6.18970e+08,3.32980e+02
6.19574e+08,3.32840e+02
6.20179e+08,3.32850e+02
6.20784e+08,3.32170e+02
6.21389e+08,3.31210e+02
6.21994e+08,3.32100e+02
6.22598e+08,3.30960e+02
6.23203e+08,3.30450e+02
6.23808e+08,3.30950e+02
6.24413e+08,3.31520e+02
6.25018e+08,3.31520e+02
6.25622e+08,3.31740e+02
6.26227e+08,3.32130e+02
6.26832e+08,3.32030e+02
6.27437e+08,3.32590e+02
6.28042e+08,3.32850e+02
6.28646e+08,3.33200e+02
6.29251e+08,3.33510e+02
6.29856e+08,3.33850e+02
6.30461e+08,3.34250e+02
6.31066e+08,3.34670e+02
6.31670e+08,3.34270e+02
6.32275e+08,3.34630e+02
6.32880e+08,3.35460e+02
6.33485e+08,3.35940e+02
6.34090e+08,3.35000e+02
6.34694e+08,3.35130e+02
6.35299e+08,3.35660e+02
6.35904e+08,3.35700e+02
6.36509e+08,3.36270e+02
6.37114e+08,3.36100e+02
6.37718e+08,3.36800e+02
6.38323e+08,3.37390e+02
6.38928e+08,3.37080e+02
6.39533e+08,3.37990e+02
6.40138e+08,3.37940e+02
6.40742e+08,3.37470e+02
6.41347e+08,3.38050e+02
6.41952e+08,3.38070e+02
6.42557e+08,3.38100e+02
6.43162e+08,3.37820e+02
6.43766e+08,3.37900e+02
6.44371e+08,3.38480e+02
6.44976e+08,3.38230e+02
6.45581e+08,3.37860e+02
6.46186e+08,3.37390e+02
6.46790e+08,3.37690e+02
6.47395e+08,3.36790e+02
6.48000e+08,3.36720e+02
6.48605e+08,3.35950e+02
6.49210e+08,3.35690e+02
6.49814e+08,3.35170e+02
6.50419e+08,3.34840e+02
6.51024e+08,3.34410e+02
6.51629e+08,3.34370e+02
6.52234e+08,3.33880e+02
6.52838e+08,3.32880e+02
6.53443e+08,3.32190e+02
6.54048e+08,3.32380e+02
6.54653e+08,3.32760e+02
6.55258e+08,3.32100e+02
6.55862e+08,3.32450e+02
6.56467e+08,3.33020e+02
6.57072e+08,3.33180e+02
6.57677e+08,3.33580e+02
6.58282e+08,3.33850e+02
6.58886e+08,3.33880e+02
6.59491e+08,3.34200e+02
6.60096e+08,3.34520e+02
6.60701e+08,3.34800e+02
6.61306e+08,3.35150e+02
6.61910e+08,3.35120e+02
6.62515e+08,3.35320e+02
6.63120e+08,3.35360e+02
6.63725e+08,3.35970e+02
6.64330e+08,3.36850e+02
6.64934e+08,3.36950e+02
6.65539e+08,3.36900e+02
6.66144e+08,3.36540e+02
6.66749e+08,3.36710e+02
6.67354e+08,3.36790e+02
6.67958e+08,3.37120e+02
6.68563e+08,3.37790e+02
6.69168e+08,3.37430e+02
6.69773e+08,3.39020e+02
6.70378e+08,3.38800e+02
6.70982e+08,3.38170e+02
6.71587e+08,3.38660e+02
6.72192e+08,3.39250e+02
6.72797e+08,3.39600e+02
6.73402e+08,3.39300e+02
6.74006e+08,3.38880e+02
6.74611e+08,3.39860e+02
6.75216e+08,3.39620e+02
6.75821e+08,3.39930e+02
6.76426e+08,3.39520e+02
6.77030e+08,3.38900e+02
6.77635e+08,3.38950e+02
6.78240e+08,3.39000e+02
6.78845e+08,3.38280e+02
6.79450e+08,3.37820e+02
6.80054e+08,3.37370e+02
6.80659e+08,3.36840e+02
6.81264e+08,3.37030e+02
6.81869e+08,3.36590e+02
6.82474e+08,3.36170e+02
6.83078e+08,3.34560e+02
6.83683e+08,3.34450e+02
6.84288e+08,3.34000e+02
6.84893e+08,3.34210e+02
6.85498e+08,3.33280e+02
6.86102e+08,3.34110e+02
6.86707e+08,3.34100e+02
6.87312e+08,3.33970e+02
6.87917e+08,3.33740e+02
6.88522e+08,3.34160e+02
6.89126e+08,3.34730e+02
6.89731e+08,3.34860e+02
6.90336e+08,3.35590e+02
6.90941e+08,3.35680e+02
6.91546e+08,3.35990e+02
6.92150e+08,3.36500e+02
6.92755e+08,3.36770e+02
6.93360e+08,3.36880e+02
6.93965e+08,3.37400e+02
6.94570e+08,3.37670e+02
6.95174e+08,3.37480e+02
6.95779e+08,3.38380e+02
6.96384e+08,3.38490e+02
6.96989e+08,3.38050e+02
6.97594e+08,3.38140e+02
6.98198e+08,3.38680e+02
6.98803e+08,3.38260e+02
6.99408e+08,3.39310e+02
7.00013e+08,3.39540e+02
7.00618e+08,3.40020e+02
7.01222e+08,3.40540e+02
7.01827e+08,3.41010e+02
7.02432e+08,3.40410e+02
7.03037e+08,3.40950e+02
7.03642e+08,3.40750e+02
7.04246e+08,3.41060e+02
7.04851e+08,3.41520e+02
7.05456e+08,3.41300e+02
7.06061e+08,3.41380e+02
7.06666e+08,3.40920e+02
7.07270e+08,3.41720e+02
7.07875e+08,3.41380e+02
7.08480e+08,3.41390e+02
7.09085e+08,3.40870e+02
7.09690e+08,3.40400e+02
7.10294e+08,3.40440e+02
7.10899e+08,3.39780e+02
7.11504e+08,3.38510e+02
7.12109e+08,3.38920e+02
7.12714e+08,3.37980e+02
7.13318e+08,3.37770e+02
7.13923e+08,3.37750e+02
7.14528e+08,3.37790e+02
7.15133e+08,3.37010e+02
7.15738e+08,3.36650e+02
7.16342e+08,3.35750e+02
7.16947e+08,3.35280e+02
7.17552e+08,3.36030e+02
7.18157e+08,3.35830e+02
7.18762e+08,3.35870e+02
7.19366e+08,3.36100e+02
7.19971e+08,3.36420e+02
7.20576e+08,3.36650e+02
7.21181e+08,3.36980e+02
7.21786e+08,3.37140e+02
7.22390e+08,3.37310e+02
7.22995e+08,3.37410e+02
7.23600e+08,3.37770e+02
7.24205e+08,3.38100e+02
7.24810e+08,3.38390e+02
7.25414e+08,3.38720e+02
7.26019e+08,3.38940e+02
7.26624e+08,3.39130e+02
7.27229e+08,3.39390e+02
7.27834e+08,3.39360e+02
7.28438e+08,3.39550e+02
7.29043e+08,3.40570e+02
7.29648e+08,3.40040e+02
7.30253e+08,3.40200e+02
7.30858e+08,3.41110e+02
7.31462e+08,3.40730e+02
7.32067e+08,3.41040e+02
7.32672e+08,3.41890e+02
7.33277e+08,3.42190e+02
7.33882e+08,3.42420e+02
7.34486e+08,3.42490e+02
7.35091e+08,3.42780e+02
7.35696e+08,3.42300e+02
7.36301e+08,3.42950e+02
7.36906e+08,3.43000e+02
7.37510e+08,3.42800e+02
7.38115e+08,3.42700e+02
7.38720e+08,3.42750e+02
7.39325e+08,3.42640e+02
7.39930e+08,3.42540e+02
7.40534e+08,3.41810e+02
7.41139e+08,3.41640e+02
7.41744e+08,3.41050e+02
7.42349e+08,3.40870e+02
7.42954e+08,3.39760e+02
7.43558e+08,3.40210e+02
7.44163e+08,3.39560e+02
7.44768e+08,3.38920e+02
7.45373e+08,3.38480e+02
7.45978e+08,3.37570e+02
7.46582e+08,3.37730e+02
7.47187e+08,3.37200e+02
7.47792e+08,3.37030e+02
7.48397e+08,3.36750e+02
7.49002e+08,3.35950e+02
7.49606e+08,3.36300e+02
7.50211e+08,3.36650e+02
7.50816e+08,3.37130e+02
7.51421e+08,3.37220e+02
7.52026e+08,3.37560e+02
7.52630e+08,3.37870e+02
7.53235e+08,3.38140e+02
7.53840e+08,3.38570e+02
7.54445e+08,3.39300e+02
7.55050e+08,3.39290e+02
7.55654e+08,3.39410e+02
7.56259e+08,3.39650e+02
7.56864e+08,3.40230e+02
7.57469e+08,3.40280e+02
7.58074e+08,3.40390e+02
7.58678e+08,3.40720e+02
7.59283e+08,3.41130e+02
7.59888e+08,3.41290e+02
7.60493e+08,3.41940e+02
7.61098e+08,3.41110e+02
7.61702e+08,3.41140e+02
7.62307e+08,3.42190e+02
7.62912e+08,3.42660e+02
7.63517e+08,3.42610e+02
7.64122e+08,3.42780e+02
7.64726e+08,3.42810e+02
7.65331e+08,3.42960e+02
7.65936e+08,3.43300e+02
7.66541e+08,3.43500e+02
7.67146e+08,3.44290e+02
7.67750e+08,3.43830e+02
7.68355e+08,3.43680e+02
7.68960e+08,3.44290e+02
7.69565e+08,3.44100e+02
7.70170e+08,3.44100e+02
7.70774e+08,3.43480e+02
7.71379e+08,3.43500e+02
7.71984e+08,3.43460e+02
7.72589e+08,3.42910e+02
7.73194e+08,3.42530e+02
7.73798e+08,3.42030e+02
7.74403e+08,3.42020e+02
7.75008e+08,3.41810e+02
7.75613e+08,3.41310e+02
7.76218e+08,3.40570e+02
7.76822e+08,3.40060e+02
7.77427e+08,3.39710e+02
7.78032e+08,3.38320e+02
7.78637e+08,3.38880e+02
7.79242e+08,3.38610e+02
7.79846e+08,3.37840e+02
7.80451e+08,3.36920e+02
7.81056e+08,3.37320e+02
7.81661e+08,3.38090e+02
7.82266e+08,3.37600e+02
7.82870e+08,3.37940e+02
7.83475e+08,3.38700e+02
7.84080e+08,3.38490e+02
7.84685e+08,3.39200e+02
7.85290e+08,3.39720e+02
7.85894e+08,3.39880e+02
7.86499e+08,3.39860e+02
7.87104e+08,3.40430e+02
7.87709e+08,3.40710e+02
7.88314e+08,3.40820e+02
7.88918e+08,3.40940e+02
7.89523e+08,3.41440e+02
7.90128e+08,3.41570e+02
7.90733e+08,3.41250e+02
7.91338e+08,3.41720e+02
7.91942e+08,3.42000e+02
7.92547e+08,3.42770e+02
7.93152e+08,3.42500e+02
7.93757e+08,3.42840e+02
7.94362e+08,3.42380e+02
7.94966e+08,3.42580e+02
7.95571e+08,3.44060e+02
7.96176e+08,3.43810e+02
7.96781e+08,3.44020e+02
7.97386e+08,3.44890e+02
7.97990e+08,3.45070e+02
7.98595e+08,3.45320e+02
7.99200e+08,3.45460e+02
7.99805e+08,3.45430e+02
8.00410e+08,3.45770e+02
8.01014e+08,3.45850e+02
8.01619e+08,3.45760e+02
8.02224e+08,3.45680e+02
8.02829e+08,3.45600e+02
8.03434e+08,3.45040e+02
8.04038e+08,3.44970e+02
8.04643e+08,3.44740e+02
8.05248e+08,3.44590e+02
8.05853e+08,3.43730e+02
8.06458e+08,3.43660e+02
8.07062e+08,3.42600e+02
8.07667e+08,3.43050e+02
8.08272e+08,3.41700e+02
8.08877e+08,3.42140e+02
8.09482e+08,3.41800e+02
8.10086e+08,3.39940e+02
8.10691e+08,3.39990e+02
8.11296e+08,3.39860e+02
8.11901e+08,3.39980e+02
8.12506e+08,3.39870e+02
8.13110e+08,3.39760e+02
8.13715e+08,3.40120e+02
8.14320e+08,3.40250e+02
8.14925e+08,3.40370e+02
8.15530e+08,3.40800e+02
8.16134e+08,3.41000e+02
8.16739e+08,3.41180e+02
8.17344e+08,3.41700e+02
8.17949e+08,3.41870e+02
8.18554e+08,3.42850e+02
8.19158e+08,3.43390e+02
8.19763e+08,3.43610e+02
8.20368e+08,3.43470e+02
8.20973e+08,3.43780e+02
8.21578e+08,3.43470e+02
8.22182e+08,3.43500e+02
8.22787e+08,3.44160e+02
8.23392e+08,3.44350e+02
8.23997e+08,3.44570e+02
8.24602e+08,3.44330e+02
8.25206e+08,3.44690e+02
8.25811e+08,3.44880e+02
8.26416e+08,3.44950e+02
8.27021e+08,3.45450e+02
8.27626e+08,3.45690e+02
8.30650e+08,3.47470e+02
8.31254e+08,3.47490e+02
8.31859e+08,3.47780e+02
8.32464e+08,3.47360e+02
8.33069e+08,3.47030e+02
8.33674e+08,3.47090e+02
8.34278e+08,3.47020e+02
8.34883e+08,3.46890e+02
8.35488e+08,3.46370e+02
8.36093e+08,3.46240e+02
8.36698e+08,3.45820e+02
8.37302e+08,3.45480e+02
8.37907e+08,3.45250e+02
8.38512e+08,3.44480e+02
8.39117e+08,3.44050e+02
8.39722e+08,3.44120e+02
8.40326e+08,3.43190e+02
8.40931e+08,3.42050e+02
8.41536e+08,3.41650e+02
8.42141e+08,3.40650e+02
8.42746e+08,3.41370e+02
8.43350e+08,3.41310e+02
8.43955e+08,3.40850e+02
8.44560e+08,3.41190e+02
8.45165e+08,3.41300e+02
8.45770e+08,3.41910e+02
8.46374e+08,3.41670e+02
8.46979e+08,3.42010e+02
8.47584e+08,3.42650e+02
8.48189e+08,3.43140e+02
8.48794e+08,3.43750e+02
8.49398e+08,3.43600e+02
8.50003e+08,3.43950e+02
8.50608e+08,3.44230e+02
8.51213e+08,3.44580e+02
8.51818e+08,3.44570e+02
8.52422e+08,3.44770e+02
8.53027e+08,3.45010e+02
8.53632e+08,3.45010e+02
8.54237e+08,3.45080e+02
8.54842e+08,3.45950e+02
8.55446e+08,3.45540e+02
8.56051e+08,3.45820e+02
8.56656e+08,3.46370e+02
8.57261e+08,3.46770e+02
8.57866e+08,3.47110e+02
8.58470e+08,3.47580e+02
8.59075e+08,3.47700e+02
8.59680e+08,3.48270e+02
8.60285e+08,3.48040e+02
8.60890e+08,3.48080e+02
8.61494e+08,3.48520e+02
8.62099e+08,3.48840e+02
8.62704e+08,3.48890e+02
8.63309e+08,3.49310e+02
8.63914e+08,3.49180e+02
8.64518e+08,3.48180e+02
8.65123e+08,3.49050e+02
8.65728e+08,3.48490e+02
8.66333e+08,3.48240e+02
8.66938e+08,3.47900e+02
8.67542e+08,3.47470e+02
8.68147e+08,3.46900e+02
8.68752e+08,3.46800e+02
8.69357e+08,3.46430e+02
8.69962e+08,3.45790e+02
8.71171e+08,3.44700e+02
8.71776e+08,3.44500e+02
8.72381e+08,3.44380e+02
8.72986e+08,3.43760e+02
8.73590e+08,3.44290e+02
8.74195e+08,3.43370e+02
8.74800e+08,3.42460e+02
8.75405e+08,3.42130e+02
8.76010e+08,3.42400e+02
8.76614e+08,3.42500e+02
8.77219e+08,3.43140e+02
8.77824e+08,3.43220e+02
8.78429e+08,3.43380e+02
8.79034e+08,3.43770e+02
8.79638e+08,3.44250e+02
8.80243e+08,3.44640e+02
8.80848e+08,3.45300e+02
8.81453e+08,3.45370e+02
8.82058e+08,3.45670e+02
8.82662e+08,3.45170e+02
8.83267e+08,3.46300e+02
8.83872e+08,3.46440e+02
8.84477e+08,3.46090e+02
8.85082e+08,3.46250e+02
8.85686e+08,3.46460e+02
8.86291e+08,3.46220e+02
8.86896e+08,3.46840e+02
8.87501e+08,3.47180e+02
8.88106e+08,3.47200e+02
8.88710e+08,3.47070e+02
8.89315e+08,3.46650e+02
8.89920e+08,3.47220e+02
8.90525e+08,3.49150e+02
8.91130e+08,3.48870e+02
8.91734e+08,3.49210e+02
8.92339e+08,3.49450e+02
8.92944e+08,3.49340e+02
8.93549e+08,3.50200e+02
8.94154e+08,3.49990e+02
8.94758e+08,3.50140e+02
8.95363e+08,3.50230e+02
8.95968e+08,3.50130e+02
8.96573e+08,3.50180e+02
8.97178e+08,3.49730e+02
8.97782e+08,3.49540e+02
8.98387e+08,3.49480e+02
8.98992e+08,3.48920e+02
8.99597e+08,3.48690e+02
9.00202e+08,3.47770e+02
9.00806e+08,3.47610e+02
9.01411e+08,3.47410e+02
9.02016e+08,3.46650e+02
9.02621e+08,3.46230e+02
9.03226e+08,3.45590e+02
9.03830e+08,3.45620e+02
9.04435e+08,3.45270e+02
9.05040e+08,3.45050e+02
9.05645e+08,3.45320e+02
9.06250e+08,3.44430e+02
9.06854e+08,3.44510e+02
9.07459e+08,3.43990e+02
9.08064e+08,3.44110e+02
9.08669e+08,3.43990e+02
9.09274e+08,3.44570e+02
9.09878e+08,3.45170e+02
9.10483e+08,3.45350e+02
9.11088e+08,3.45630e+02
9.11693e+08,3.45720e+02
9.12298e+08,3.46410e+02
9.12902e+08,3.46920e+02
9.13507e+08,3.46770e+02
9.14112e+08,3.46970e+02
9.14717e+08,3.47080e+02
9.15322e+08,3.47620e+02
9.15926e+08,3.48370e+02
9.16531e+08,3.48270e+02
9.17136e+08,3.47960e+02
9.17741e+08,3.48030e+02
9.18346e+08,3.47910e+02
9.18950e+08,3.48250e+02
9.19555e+08,3.48540e+02
9.20160e+08,3.49470e+02
9.20765e+08,3.48850e+02
9.21370e+08,3.49270e+02
9.21974e+08,3.49790e+02
9.22579e+08,3.50200e+02
9.23184e+08,3.50820e+02
9.23789e+08,3.50270e+02
9.24394e+08,3.51190e+02
9.24998e+08,3.51390e+02
9.25603e+08,3.51430e+02
9.26208e+08,3.52000e+02
9.26813e+08,3.51730e+02
9.27418e+08,3.51910e+02
9.28022e+08,3.51780e+02
9.28627e+08,3.51650e+02
9.29232e+08,3.51170e+02
9.29837e+08,3.51000e+02
9.30442e+08,3.50940e+02
9.31046e+08,3.49760e+02
9.31651e+08,3.49840e+02
9.32256e+08,3.48870e+02
9.32861e+08,3.49510e+02
9.33466e+08,3.49040e+02
9.34070e+08,3.48150e+02
9.34675e+08,3.48620e+02
9.35280e+08,3.48010e+02
9.35885e+08,3.46710e+02
9.36490e+08,3.47050e+02
9.37094e+08,3.46650e+02
9.37699e+08,3.46290e+02
9.38304e+08,3.45850e+02
9.38909e+08,3.45770e+02
9.39514e+08,3.46340e+02
9.40118e+08,3.46590e+02
9.40723e+08,3.46800e+02
9.41328e+08,3.46910e+02
9.41933e+08,3.47340e+02
9.42538e+08,3.47650e+02
9.43142e+08,3.48160e+02
9.43747e+08,3.48750e+02
9.44352e+08,3.48660e+02
9.44957e+08,3.48820e+02
9.45562e+08,3.49120e+02
9.46166e+08,3.49290e+02
9.46771e+08,3.49780e+02
9.47376e+08,3.50280e+02
9.47981e+08,3.50210e+02
9.48586e+08,3.50790e+02
9.49190e+08,3.51220e+02
9.49795e+08,3.51810e+02
9.50400e+08,3.51310e+02
9.51005e+08,3.51530e+02
9.51610e+08,3.52550e+02
9.52214e+08,3.52880e+02
9.52819e+08,3.51880e+02
9.53424e+08,3.51780e+02
9.54029e+08,3.52230e+02
9.54634e+08,3.53130e+02
9.55238e+08,3.53570e+02
9.55843e+08,3.53150e+02
9.56448e+08,3.54000e+02
9.57053e+08,3.54230e+02
9.57658e+08,3.53760e+02
9.58262e+08,3.54300e+02
9.58867e+08,3.54520e+02
9.59472e+08,3.54200e+02
9.60077e+08,3.54180e+02
9.60682e+08,3.54200e+02
9.61286e+08,3.53610e+02
9.61891e+08,3.53190e+02
9.62496e+08,3.53080e+02
9.63101e+08,3.52560e+02
9.63706e+08,3.52650e+02
9.64310e+08,3.51960e+02
9.64915e+08,3.51130e+02
9.65520e+08,3.50950e+02
9.66125e+08,3.50300e+02
9.66730e+08,3.50490e+02
9.67334e+08,3.49610e+02
9.67939e+08,3.49380e+02
9.68544e+08,3.48730e+02
9.69149e+08,3.48950e+02
9.69754e+08,3.48190e+02
9.70358e+08,3.48820e+02
9.70963e+08,3.48880e+02
9.71568e+08,3.48680e+02
9.72173e+08,3.49420e+02
9.72778e+08,3.49290e+02
9.73382e+08,3.49780e+02
9.73987e+08,3.49890e+02
9.74592e+08,3.50180e+02
9.75197e+08,3.50480e+02
9.75802e+08,3.50500e+02
9.76406e+08,3.51020e+02
9.77011e+08,3.51600e+02
9.77616e+08,3.51360e+02
9.78221e+08,3.52400e+02
9.78826e+08,3.52770e+02
9.79430e+08,3.52970e+02
9.80035e+08,3.52510e+02
9.80640e+08,3.53060e+02
9.81245e+08,3.52830e+02
9.81850e+08,3.52640e+02
9.82454e+08,3.53220e+02
9.83059e+08,3.53480e+02
9.83664e+08,3.53170e+02
9.84269e+08,3.53460e+02
9.84874e+08,3.53550e+02
9.85478e+08,3.54480e+02
9.86083e+08,3.54560e+02
9.86688e+08,3.55050e+02
9.87293e+08,3.55410e+02
9.87898e+08,3.56010e+02
9.88502e+08,3.55900e+02
9.89107e+08,3.55360e+02
9.89712e+08,3.55820e+02
9.90317e+08,3.55640e+02
9.90922e+08,3.55760e+02
9.91526e+08,3.55800e+02
9.92131e+08,3.55090e+02
9.92736e+08,3.54870e+02
9.93341e+08,3.54900e+02
9.93946e+08,3.54500e+02
9.94550e+08,3.54760e+02
9.95155e+08,3.53850e+02
9.95760e+08,3.53190e+02
9.96365e+08,3.53210e+02
9.96970e+08,3.52620e+02
9.97574e+08,3.52240e+02
9.98179e+08,3.51160e+02
9.98784e+08,3.50430e+02
9.99389e+08,3.50790e+02
9.99994e+08,3.50280e+02
1.00060e+09,3.49410e+02
1.00120e+09,3.49310e+02
1.00181e+09,3.49710e+02
1.00241e+09,3.49970e+02
1.00302e+09,3.49740e+02
1.00362e+09,3.50240e+02
1.00423e+09,3.50470e+02
1.00483e+09,3.50660e+02
1.00544e+09,3.51290e+02
1.00604e+09,3.51600e+02
1.00665e+09,3.51460e+02
1.00725e+09,3.52090e+02
1.00786e+09,3.52160e+02
1.00846e+09,3.52480e+02
1.00907e+09,3.52590e+02
1.00967e+09,3.53440e+02
1.01028e+09,3.53470e+02
1.01088e+09,3.53550e+02
1.01148e+09,3.53800e+02
1.01209e+09,3.53960e+02
1.01269e+09,3.54130e+02
1.01330e+09,3.55020e+02
1.01390e+09,3.54870e+02
1.01451e+09,3.54780e+02
1.01511e+09,3.55720e+02
1.01572e+09,3.54990e+02
1.01632e+09,3.55840e+02
1.01693e+09,3.55170e+02
1.01753e+09,3.55950e+02
1.01814e+09,3.56170e+02
1.01874e+09,3.55900e+02
1.01935e+09,3.56680e+02
1.01995e+09,3.56180e+02
1.02056e+09,3.57300e+02
1.02116e+09,3.57090e+02
1.02177e+09,3.56990e+02
1.02237e+09,3.57130e+02
1.02298e+09,3.57010e+02
1.02358e+09,3.56630e+02
1.02419e+09,3.55680e+02
1.02479e+09,3.55530e+02
1.02540e+09,3.55790e+02
1.02600e+09,3.55510e+02
1.02660e+09,3.54000e+02
1.02721e+09,3.54590e+02
1.02781e+09,3.54720e+02
1.02842e+09,3.53560e+02
1.02902e+09,3.53230e+02
1.02963e+09,3.52920e+02
1.03023e+09,3.52010e+02
1.03084e+09,3.50990e+02
1.03144e+09,3.50750e+02
1.03205e+09,3.51330e+02
1.03265e+09,3.50970e+02
1.03326e+09,3.50920e+02
1.03386e+09,3.51100e+02
1.03447e+09,3.51080e+02
1.03507e+09,3.51480e+02
1.03568e+09,3.51470e+02
1.03628e+09,3.52120e+02
1.03689e+09,3.52620e+02
1.03749e+09,3.53050e+02
1.03810e+09,3.53180e+02
1.03870e+09,3.53610e+02
1.03931e+09,3.54070e+02
1.03991e+09,3.53870e+02
1.04052e+09,3.54510e+02
1.04112e+09,3.54890e+02
1.04172e+09,3.54280e+02
1.04233e+09,3.54730e+02
1.04293e+09,3.54860e+02
1.04354e+09,3.55050e+02
1.04414e+09,3.55220e+02
1.04475e+09,3.55230e+02
1.04535e+09,3.56400e+02
1.04596e+09,3.55830e+02
1.04656e+09,3.56410e+02
1.04717e+09,3.57210e+02
1.04777e+09,3.57690e+02
1.04838e+09,3.56960e+02
1.04898e+09,3.57940e+02
1.04959e+09,3.58320e+02
1.05019e+09,3.57830e+02
1.05080e+09,3.59190e+02
1.05140e+09,3.59240e+02
1.05201e+09,3.59110e+02
1.05261e+09,3.58940e+02
1.05322e+09,3.60030e+02
1.05382e+09,3.59080e+02
1.05443e+09,3.58520e+02
1.05503e+09,3.58460e+02
1.05564e+09,3.58220e+02
1.05624e+09,3.58120e+02
1.05684e+09,3.57740e+02
1.05745e+09,3.57270e+02
1.05805e+09,3.56540e+02
1.05866e+09,3.55260e+02
1.05926e+09,3.55300e+02
1.05987e+09,3.54890e+02
1.06047e+09,3.54600e+02
1.06108e+09,3.53780e+02
1.06168e+09,3.53070e+02
1.06229e+09,3.53220e+02
1.06289e+09,3.53060e+02
1.06350e+09,3.52120e+02
1.06410e+09,3.51840e+02
1.06471e+09,3.51690e+02
1.06531e+09,3.51700e+02
1.06592e+09,3.52180e+02
1.06652e+09,3.52530e+02
1.06713e+09,3.52720e+02
1.06773e+09,3.53470e+02
1.06834e+09,3.53760e+02
1.06894e+09,3.53560e+02
1.06955e+09,3.53860e+02
1.07015e+09,3.54350e+02
1.07076e+09,3.54540e+02
1.07136e+09,3.54970e+02
1.07196e+09,3.55220e+02
1.07257e+09,3.55500e+02
1.07317e+09,3.55690e+02
1.07378e+09,3.56070e+02
1.07438e+09,3.56190e+02
1.07499e+09,3.55960e+02
1.07559e+09,3.56050e+02
1.07620e+09,3.56730e+02
1.07680e+09,3.57330e+02
1.07741e+09,3.56990e+02
1.07801e+09,3.56580e+02
1.07862e+09,3.57300e+02
1.07922e+09,3.57800e+02
1.07983e+09,3.58180e+02
1.08043e+09,3.58420e+02
1.08104e+09,3.58570e+02
1.08164e+09,3.58990e+02
1.08225e+09,3.59750e+02
1.08285e+09,3.59250e+02
1.08346e+09,3.59690e+02
1.08406e+09,3.59730e+02
1.08467e+09,3.58600e+02
1.08527e+09,3.59650e+02
1.08588e+09,3.60250e+02
1.08648e+09,3.60030e+02
1.08708e+09,3.59480e+02
1.08769e+09,3.58750e+02
1.08829e+09,3.58450e+02
1.08890e+09,3.58470e+02
1.08950e+09,3.57200e+02
1.09011e+09,3.56370e+02
1.09071e+09,3.56100e+02
1.09132e+09,3.54990e+02
1.09192e+09,3.55330e+02
1.09253e+09,3.55320e+02
1.09313e+09,3.54590e+02
1.09374e+09,3.54340e+02
1.09434e+09,3.53530e+02
1.09495e+09,3.53660e+02
1.09555e+09,3.52370e+02
1.09616e+09,3.52750e+02
1.09676e+09,3.53600e+02
1.09737e+09,3.53380e+02
1.09797e+09,3.53240e+02
1.09858e+09,3.53510e+02
1.09918e+09,3.53560e+02
1.09979e+09,3.53990e+02
1.10039e+09,3.53860e+02
1.10100e+09,3.54570e+02
1.10160e+09,3.54640e+02
1.10220e+09,3.54850e+02
1.10281e+09,3.55370e+02
1.10341e+09,3.55460e+02
1.10402e+09,3.55970e+02
1.10462e+09,3.56290e+02
1.10523e+09,3.56960e+02
1.10583e+09,3.56720e+02
1.10644e+09,3.56660e+02
1.10704e+09,3.57030e+02
1.10765e+09,3.56620e+02
1.10825e+09,3.57230e+02
1.10886e+09,3.57360e+02
1.10946e+09,3.57680e+02
1.11007e+09,3.58390e+02
1.11067e+09,3.58520e+02
1.11128e+09,3.58130e+02
1.11188e+09,3.58850e+02
1.11249e+09,3.59170e+02
1.11309e+09,3.58870e+02
1.11370e+09,3.59420e+02
1.11430e+09,3.60030e+02
1.11491e+09,3.59620e+02
1.11551e+09,3.59780e+02
1.11612e+09,3.60700e+02
1.11672e+09,3.60620e+02
1.11732e+09,3.60350e+02
1.11793e+09,3.59790e+02
1.11853e+09,3.59920e+02
1.11914e+09,3.59340e+02
1.11974e+09,3.59150e+02
1.12035e+09,3.57910e+02
1.12095e+09,3.58020e+02
1.12156e+09,3.58100e+02
1.12216e+09,3.56690e+02
1.12277e+09,3.56520e+02
1.12337e+09,3.55880e+02
1.12398e+09,3.55950e+02
1.12458e+09,3.54900e+02
1.12519e+09,3.54720e+02
1.12579e+09,3.54300e+02
1.12640e+09,3.53230e+02
1.12700e+09,3.53810e+02
1.12761e+09,3.53860e+02
1.12821e+09,3.53800e+02
1.12882e+09,3.53870e+02
1.12942e+09,3.54000e+02
1.13003e+09,3.54450e+02
1.13063e+09,3.54380e+02
1.13124e+09,3.54780e+02
1.13184e+09,3.55160e+02
1.13244e+09,3.55650e+02
1.13305e+09,3.56030e+02
1.13365e+09,3.56270e+02
1.13426e+09,3.56520e+02
1.13486e+09,3.56990e+02
1.13547e+09,3.57500e+02
1.13607e+09,3.58140e+02
1.13668e+09,3.58120e+02
1.13728e+09,3.58430e+02
1.13789e+09,3.58330e+02
1.13849e+09,3.58780e+02
1.13910e+09,3.58490e+02
1.13970e+09,3.58610e+02
1.14031e+09,3.59020e+02
1.14091e+09,3.59640e+02
1.14152e+09,3.58770e+02
1.14212e+09,3.59860e+02
1.14273e+09,3.60490e+02
1.14333e+09,3.60830e+02
1.14394e+09,3.60680e+02
1.14454e+09,3.61010e+02
1.14515e+09,3.61070e+02
1.14575e+09,3.61340e+02
1.14636e+09,3.62250e+02
1.14696e+09,3.61630e+02
1.14756e+09,3.61420e+02
1.14817e+09,3.61780e+02
1.14877e+09,3.61910e+02
1.14938e+09,3.61040e+02
1.14998e+09,3.61070e+02
1.15059e+09,3.60930e+02
1.15119e+09,3.60700e+02
1.15180e+09,3.60220e+02
1.15240e+09,3.59900e+02
1.15301e+09,3.59430e+02
1.15361e+09,3.59000e+02
1.15422e+09,3.58810e+02
1.15482e+09,3.58100e+02
1.15543e+09,3.57520e+02
1.15603e+09,3.57630e+02
1.15664e+09,3.56390e+02
1.15724e+09,3.56440e+02
1.15785e+09,3.56460e+02
1.15845e+09,3.55460e+02
1.15906e+09,3.55500e+02
1.15966e+09,3.55460e+02
1.16027e+09,3.55810e+02
1.16087e+09,3.56090e+02
1.16148e+09,3.56390e+02
1.16208e+09,3.56610e+02
1.16268e+09,3.56970e+02
1.16329e+09,3.57400e+02
1.16389e+09,3.57930e+02
1.16450e+09,3.58110e+02
1.16510e+09,3.58430e+02
1.16571e+09,3.59130e+02
1.16631e+09,3.59250e+02
1.16692e+09,3.59150e+02
1.16752e+09,3.59520e+02
1.16813e+09,3.59680e+02
1.16873e+09,3.60280e+02
1.16934e+09,3.60120e+02
1.16994e+09,3.60040e+02
1.17055e+09,3.60670e+02
1.17115e+09,3.61090e+02
1.17176e+09,3.60880e+02
1.17236e+09,3.61360e+02
1.17297e+09,3.62200e+02
1.17357e+09,3.61240e+02
1.17418e+09,3.60990e+02
1.17478e+09,3.62000e+02
1.17539e+09,3.63800e+02
1.17599e+09,3.63440e+02
1.17660e+09,3.63340e+02
1.17720e+09,3.62890e+02
1.17780e+09,3.63580e+02
1.17841e+09,3.63240e+02
1.17901e+09,3.64110e+02
1.17962e+09,3.64180e+02
1.18022e+09,3.63470e+02
1.18083e+09,3.63920e+02
1.18143e+09,3.63470e+02
1.18204e+09,3.62960e+02
1.18264e+09,3.62810e+02
1.18325e+09,3.62530e+02
1.18385e+09,3.62270e+02
1.18446e+09,3.61970e+02
1.18506e+09,3.61580e+02
1.18567e+09,3.60980e+02
1.18627e+09,3.60450e+02
1.18688e+09,3.59210e+02
1.18748e+09,3.58720e+02
1.18809e+09,3.59290e+02
1.18869e+09,3.57370e+02
1.18930e+09,3.58500e+02
1.18990e+09,3.58580e+02
1.19051e+09,3.58200e+02
1.19111e+09,3.57560e+02
1.19172e+09,3.57650e+02
1.19232e+09,3.57600e+02
1.19292e+09,3.58040e+02
1.19353e+09,3.58230e+02
1.19413e+09,3.59190e+02
1.19474e+09,3.59430e+02
1.19534e+09,3.59690e+02
1.19595e+09,3.59870e+02
1.19655e+09,3.60130e+02
1.19716e+09,3.60430e+02
1.19776e+09,3.60530e+02
1.19837e+09,3.60890e+02
1.19897e+09,3.61730e+02
1.19958e+09,3.61810e+02
1.20018e+09,3.62060e+02
1.20079e+09,3.62170e+02
1.20139e+09,3.62230e+02
1.20200e+09,3.62680e+02
1.20260e+09,3.63120e+02
1.20321e+09,3.63010e+02
1.20381e+09,3.64030e+02
1.20442e+09,3.63840e+02
1.20502e+09,3.63660e+02
1.20563e+09,3.64100e+02
1.20623e+09,3.64530e+02
1.20684e+09,3.64350e+02
1.20744e+09,3.64570e+02
1.20804e+09,3.64890e+02
1.20865e+09,3.64400e+02
1.20925e+09,3.65130e+02
1.20986e+09,3.64920e+02
1.21046e+09,3.65370e+02
1.21107e+09,3.65740e+02
1.21167e+09,3.65430e+02
1.21228e+09,3.64860e+02
1.21288e+09,3.65190e+02
1.21349e+09,3.65270e+02
1.21409e+09,3.65000e+02
1.21470e+09,3.64300e+02
1.21530e+09,3.64190e+02
1.21591e+09,3.63750e+02
1.21651e+09,3.63380e+02
1.21712e+09,3.62840e+02
1.21772e+09,3.61780e+02
1.21833e+09,3.62100e+02
1.21893e+09,3.61290e+02
1.21954e+09,3.60850e+02
1.22014e+09,3.60820e+02
1.22075e+09,3.59860e+02
1.22135e+09,3.59820e+02
1.22196e+09,3.59090e+02
1.22256e+09,3.59040e+02
1.22316e+09,3.59450e+02
1.22377e+09,3.59520e+02
1.22437e+09,3.59860e+02
1.22498e+09,3.59870e+02
1.22558e+09,3.59940e+02
1.22619e+09,3.60520e+02
1.22679e+09,3.60790e+02
1.22740e+09,3.61240e+02
1.22800e+09,3.61400e+02
1.22861e+09,3.61970e+02
1.22921e+09,3.62680e+02
1.22982e+09,3.62470e+02
1.23042e+09,3.62620e+02
1.23103e+09,3.62950e+02
1.23163e+09,3.63000e+02
1.23224e+09,3.63160e+02
1.23284e+09,3.63510e+02
1.23345e+09,3.63280e+02
1.23405e+09,3.64190e+02
1.23466e+09,3.64020e+02
1.23526e+09,3.64240e+02
1.23587e+09,3.64500e+02
1.23647e+09,3.64160e+02
1.23708e+09,3.64190e+02
1.23768e+09,3.64750e+02
1.23828e+09,3.65430e+02
1.23889e+09,3.65800e+02
1.23949e+09,3.66250e+02
1.24010e+09,3.66690e+02
1.24070e+09,3.66790e+02
1.24131e+09,3.66760e+02
1.24191e+09,3.66800e+02
1.24252e+09,3.67030e+02
1.24312e+09,3.66610e+02
1.24373e+09,3.66360e+02
1.24433e+09,3.65710e+02
1.24494e+09,3.65610e+02
1.24554e+09,3.65530e+02
1.24615e+09,3.65160e+02
1.24675e+09,3.65090e+02
1.24736e+09,3.64670e+02
1.24796e+09,3.64110e+02
1.24857e+09,3.63800e+02
1.24917e+09,3.63390e+02
1.24978e+09,3.63360e+02
1.25038e+09,3.62630e+02
1.25099e+09,3.61510e+02
1.25159e+09,3.61660e+02
1.25220e+09,3.60690e+02
1.25280e+09,3.60260e+02
1.25340e+09,3.60080e+02
1.25401e+09,3.59810e+02
1.25461e+09,3.60540e+02
1.25522e+09,3.60490e+02
1.25582e+09,3.61070e+02
1.25643e+09,3.61130e+02
1.25703e+09,3.61710e+02
1.25764e+09,3.62190e+02
1.25824e+09,3.62060e+02
1.25885e+09,3.62650e+02
1.25945e+09,3.63510e+02
1.26006e+09,3.63970e+02
1.26066e+09,3.63950e+02
1.26127e+09,3.64270e+02
1.26187e+09,3.65090e+02
1.26248e+09,3.65240e+02
1.26308e+09,3.65300e+02
1.26369e+09,3.65350e+02
1.26429e+09,3.65380e+02
1.26490e+09,3.65690e+02
1.26550e+09,3.66060e+02
1.26611e+09,3.65520e+02
1.26671e+09,3.66080e+02
1.26732e+09,3.67360e+02
1.26792e+09,3.67020e+02
1.26852e+09,3.66660e+02
1.26913e+09,3.67490e+02
1.26973e+09,3.68570e+02
1.27034e+09,3.68690e+02
1.27094e+09,3.68680e+02
1.27155e+09,3.68050e+02
1.27215e+09,3.68900e+02
1.27276e+09,3.69170e+02
1.27336e+09,3.68830e+02
1.27397e+09,3.68510e+02
1.27457e+09,3.69660e+02
1.27518e+09,3.69700e+02
1.27578e+09,3.69410e+02
1.27639e+09,3.68880e+02
1.27699e+09,3.68540e+02
1.27760e+09,3.68360e+02
1.27820e+09,3.68050e+02
1.27881e+09,3.67540e+02
1.27941e+09,3.67670e+02
1.28002e+09,3.67360e+02
1.28062e+09,3.66880e+02
1.28123e+09,3.66460e+02
1.28183e+09,3.65640e+02
1.28244e+09,3.65630e+02
1.28304e+09,3.64250e+02
1.28364e+09,3.64740e+02
1.28425e+09,3.63960e+02
1.28485e+09,3.63500e+02
1.28546e+09,3.63600e+02
1.28606e+09,3.64010e+02
1.28667e+09,3.64170e+02
1.28727e+09,3.64460e+02
1.28788e+09,3.64490e+02
1.28848e+09,3.64700e+02
1.28909e+09,3.65050e+02
1.28969e+09,3.65480e+02
1.29030e+09,3.65800e+02
1.29090e+09,3.66000e+02
1.29151e+09,3.66460e+02
1.29211e+09,3.66740e+02
1.29272e+09,3.67300e+02
1.29332e+09,3.67380e+02
1.29393e+09,3.67580e+02
1.29453e+09,3.67870e+02
1.29514e+09,3.67800e+02
1.29574e+09,3.68330e+02
1.29635e+09,3.69250e+02
1.29695e+09,3.69190e+02
1.29756e+09,3.68900e+02
1.29816e+09,3.69050e+02
1.29876e+09,3.68520e+02
1.29937e+09,3.68130e+02
1.29997e+09,3.69580e+02
1.30058e+09,3.70270e+02
1.30118e+09,3.70650e+02
1.30179e+09,3.71110e+02
1.30239e+09,3.71590e+02
1.30300e+09,3.71070e+02
1.30360e+09,3.70320e+02
1.30421e+09,3.70820e+02
1.30481e+09,3.71330e+02
1.30542e+09,3.71090e+02
1.30602e+09,3.70890e+02
1.30663e+09,3.70410e+02
1.30723e+09,3.70980e+02
1.30784e+09,3.70330e+02
1.30844e+09,3.69970e+02
1.30905e+09,3.69970e+02
1.30965e+09,3.69490e+02
1.31026e+09,3.70150e+02
1.31086e+09,3.69540e+02
1.31147e+09,3.68660e+02
1.31207e+09,3.67480e+02
1.31268e+09,3.67650e+02
1.31328e+09,3.66770e+02
1.31388e+09,3.66440e+02
1.31449e+09,3.66160e+02
1.31509e+09,3.64220e+02
1.31570e+09,3.64750e+02
1.31630e+09,3.65250e+02
1.31691e+09,3.64740e+02
1.31751e+09,3.64620e+02
1.31812e+09,3.65110e+02
1.31872e+09,3.64940e+02
1.31933e+09,3.65700e+02
1.31993e+09,3.65810e+02
1.32054e+09,3.66240e+02
1.32114e+09,3.66750e+02
1.32175e+09,3.66740e+02
1.32235e+09,3.67200e+02
1.32296e+09,3.67470e+02
1.32356e+09,3.68100e+02
1.32417e+09,3.68050e+02
1.32477e+09,3.68270e+02
1.32538e+09,3.68740e+02
1.32598e+09,3.68630e+02
1.32659e+09,3.69120e+02
1.32719e+09,3.69930e+02
1.32780e+09,3.69350e+02
1.32840e+09,3.69180e+02
1.32900e+09,3.69660e+02
1.32961e+09,3.69450e+02
1.33021e+09,3.69610e+02
1.33082e+09,3.70110e+02
1.33142e+09,3.70090e+02
1.33203e+09,3.70980e+02
1.33263e+09,3.70860e+02
1.33324e+09,3.71040e+02
1.33384e+09,3.71810e+02
1.33445e+09,3.71910e+02
1.33505e+09,3.72100e+02
1.33566e+09,3.71370e+02
1.33626e+09,3.71360e+02
1.33687e+09,3.71830e+02
1.33747e+09,3.72010e+02
1.33808e+09,3.71910e+02
1.33868e+09,3.71980e+02
1.33929e+09,3.71710e+02
1.33989e+09,3.71820e+02
1.34050e+09,3.71410e+02
1.34110e+09,3.70960e+02
1.34171e+09,3.70170e+02
1.34231e+09,3.70290e+02
1.34292e+09,3.69850e+02
1.34352e+09,3.69100e+02
1.34412e+09,3.68860e+02
1.34473e+09,3.68460e+02
1.34533e+09,3.67780e+02
1.34594e+09,3.67250e+02
1.34654e+09,3.67280e+02
1.34715e+09,3.66840e+02
1.34775e+09,3.66350e+02
1.34836e+09,3.66340e+02
1.34896e+09,3.66540e+02
1.34957e+09,3.66420e+02
1.35017e+09,3.66750e+02
1.35078e+09,3.66790e+02
1.35138e+09,3.67460e+02
1.35199e+09,3.67780e+02
1.35259e+09,3.68100e+02
1.35320e+09,3.68760e+02
1.35380e+09,3.68420e+02
1.35441e+09,3.69100e+02
1.35501e+09,3.69740e+02
1.35562e+09,3.69410e+02
1.35622e+09,3.69640e+02
1.35683e+09,3.69910e+02
1.35743e+09,3.69950e+02
1.35804e+09,3.70350e+02
1.35864e+09,3.70100e+02
1.35924e+09,3.70910e+02
1.35985e+09,3.71450e+02
1.36045e+09,3.71290e+02
1.36106e+09,3.71820e+02
1.36166e+09,3.71330e+02
1.36227e+09,3.72340e+02
1.36287e+09,3.72320e+02
1.36348e+09,3.72230e+02
1.36408e+09,3.71970e+02
1.36469e+09,3.72180e+02
1.36529e+09,3.72820e+02
1.36590e+09,3.72840e+02
1.36650e+09,3.73170e+02
1.36711e+09,3.72910e+02
1.36771e+09,3.73830e+02
1.36832e+09,3.74080e+02
1.36892e+09,3.73850e+02
1.36953e+09,3.74050e+02
1.37013e+09,3.74000e+02
1.37074e+09,3.73270e+02
1.37134e+09,3.72980e+02
1.37195e+09,3.73040e+02
1.37255e+09,3.72900e+02
1.37316e+09,3.72290e+02
1.37376e+09,3.71510e+02
1.37436e+09,3.71360e+02
1.37497e+09,3.70760e+02
1.37557e+09,3.70070e+02
1.37618e+09,3.69700e+02
1.37678e+09,3.69430e+02
1.37739e+09,3.69150e+02
1.37799e+09,3.68610e+02
1.37860e+09,3.68340e+02
1.37920e+09,3.68180e+02
1.37981e+09,3.67610e+02
1.38041e+09,3.67560e+02
1.38102e+09,3.67930e+02
1.38162e+09,3.67730e+02
1.38223e+09,3.68230e+02
1.38283e+09,3.68920e+02
1.38344e+09,3.68870e+02
1.38404e+09,3.69030e+02
1.38465e+09,3.69840e+02
1.38525e+09,3.70440e+02
1.38586e+09,3.70510e+02
1.38646e+09,3.71030e+02
1.38707e+09,3.71340e+02
1.38767e+09,3.71510e+02
1.38828e+09,3.71670e+02
1.38888e+09,3.71940e+02
1.38948e+09,3.72260e+02
1.39009e+09,3.73040e+02
1.39069e+09,3.72460e+02
1.39130e+09,3.72850e+02
1.39190e+09,3.72930e+02
1.39251e+09,3.72840e+02
1.39311e+09,3.73400e+02
1.39372e+09,3.73290e+02
1.39432e+09,3.73470e+02
1.39493e+09,3.73370e+02
1.39553e+09,3.73510e+02
1.39614e+09,3.74290e+02
1.39674e+09,3.74500e+02
1.39735e+09,3.74550e+02
1.39795e+09,3.75060e+02
1.39856e+09,3.75470e+02
1.39916e+09,3.75780e+02
1.39977e+09,3.74950e+02
1.40037e+09,3.75240e+02
1.40098e+09,3.75920e+02
1.40158e+09,3.75780e+02
1.40219e+09,3.75660e+02
1.40279e+09,3.75120e+02
1.40340e+09,3.75500e+02
1.40400e+09,3.74470e+02
1.40460e+09,3.74620e+02
1.40521e+09,3.74130e+02
1.40581e+09,3.73680e+02
1.40642e+09,3.73160e+02
1.40702e+09,3.72930e+02
1.40763e+09,3.71730e+02
1.40823e+09,3.71030e+02
1.40884e+09,3.70870e+02
1.40944e+09,3.70120e+02
1.41005e+09,3.71390e+02
1.41065e+09,3.71160e+02
1.41126e+09,3.70450e+02
1.41186e+09,3.69970e+02
1.41247e+09,3.69680e+02
1.41307e+09,3.70040e+02
1.41368e+09,3.71060e+02
1.41428e+09,3.70440e+02
1.41489e+09,3.71670e+02
1.41549e+09,3.71550e+02
1.41610e+09,3.72080e+02
1.41670e+09,3.72690e+02
1.41731e+09,3.72650e+02
1.41791e+09,3.73320e+02
1.41852e+09,3.73440e+02
1.41912e+09,3.74160e+02
1.41972e+09,3.74600e+02
1.42033e+09,3.74490e+02
1.42093e+09,3.74460e+02
1.42154e+09,3.74820e+02
1.42214e+09,3.74890e+02
1.42275e+09,3.75230e+02
1.42335e+09,3.74810e+02
1.42396e+09,3.75700e+02
1.42456e+09,3.76360e+02
1.42517e+09,3.75820e+02
1.42577e+09,3.75890e+02
1.42638e+09,3.75760e+02
1.42698e+09,3.76440e+02
1.42759e+09,3.76820e+02
1.42819e+09,3.76810e+02
1.42880e+09,3.77300e+02
1.42940e+09,3.78110e+02
1.43001e+09,3.78460e+02
1.43061e+09,3.78110e+02
1.43122e+09,3.77490e+02
1.43182e+09,3.78790e+02
1.43243e+09,3.78710e+02
1.43303e+09,3.78290e+02
1.43364e+09,3.78390e+02
1.43484e+09,3.77340e+02
1.43545e+09,3.77850e+02
1.43605e+09,3.76430e+02
1.43666e+09,3.77050e+02
1.43726e+09,3.76700e+02
1.43787e+09,3.75980e+02
1.43847e+09,3.75480e+02
1.43908e+09,3.74670e+02
1.43968e+09,3.74060e+02
1.44029e+09,3.74470e+02
1.44089e+09,3.73480e+02
1.44150e+09,3.73090e+02
1.44210e+09,3.72760e+02
1.44271e+09,3.73080e+02
1.44331e+09,3.73030e+02
1.44392e+09,3.72870e+02
1.44573e+09,3.73330e+02
1.44634e+09,3.73500e+02
1.44694e+09,3.73760e+02
1.44755e+09,3.74450e+02
1.44815e+09,3.75210e+02
1.44876e+09,3.74720e+02
1.44936e+09,3.74470e+02
1.44996e+09,3.76150e+02
1.45057e+09,3.76050e+02
1.45117e+09,3.76430e+02
1.45178e+09,3.76170e+02
1.45238e+09,3.76170e+02
1.45299e+09,3.77010e+02
1.45359e+09,3.77290e+02
1.45420e+09,3.77490e+02
1.45480e+09,3.77470e+02
1.45541e+09,3.77000e+02
1.45601e+09,3.77350e+02
1.45662e+09,3.77670e+02
1.45722e+09,3.78050e+02
1.45783e+09,3.79400e+02
1.45843e+09,3.78470e+02
1.45904e+09,3.78500e+02
1.45964e+09,3.80090e+02
1.46025e+09,3.80410e+02
1.46085e+09,3.80560e+02
1.46146e+09,3.80710e+02
1.46206e+09,3.80280e+02
1.46267e+09,3.81040e+02
1.46327e+09,3.80510e+02
1.46388e+09,3.80330e+02
1.46448e+09,3.80660e+02
1.46508e+09,3.79620e+02
1.46569e+09,3.80000e+02
1.46629e+09,3.79300e+02
1.46690e+09,3.79070e+02
1.46750e+09,3.78440e+02
1.46811e+09,3.78040e+02
1.46871e+09,3.77330e+02
1.46932e+09,3.76990e+02
1.46992e+09,3.77350e+02
1.47053e+09,3.76560e+02
1.47113e+09,3.75840e+02
1.47174e+09,3.75700e+02
1.47234e+09,3.74620e+02
1.47295e+09,3.73820e+02
1.47355e+09,3.74570e+02
1.47416e+09,3.74140e+02
1.47476e+09,3.73800e+02
1.47537e+09,3.74010e+02
1.47597e+09,3.73950e+02
1.47658e+09,3.74050e+02
1.47718e+09,3.74580e+02
1.47779e+09,3.75020e+02
1.47839e+09,3.75060e+02
1.47900e+09,3.76130e+02
1.47960e+09,3.76460e+02
1.48020e+09,3.76130e+02
1.48081e+09,3.77090e+02
1.48141e+09,3.77370e+02
1.48202e+09,3.77500e+02
1.48262e+09,3.77680e+02
1.48323e+09,3.78060e+02
1.48383e+09,3.78210e+02
1.48444e+09,3.78360e+02
1.48504e+09,3.78340e+02
1.48565e+09,3.78660e+02
1.48625e+09,3.79020e+02
1.48686e+09,3.79310e+02
1.48746e+09,3.80250e+02
1.49049e+09,3.80570e+02
1.49109e+09,3.82070e+02
1.49170e+09,3.82250e+02
1.49230e+09,3.81350e+02
1.49291e+09,3.82080e+02
1.49351e+09,3.82380e+02
1.49412e+09,3.81510e+02
1.49472e+09,3.82530e+02
1.49532e+09,3.82140e+02
1.49593e+09,3.82580e+02
1.49653e+09,3.82360e+02
1.49714e+09,3.82310e+02
1.49774e+09,3.82120e+02
1.49835e+09,3.81480e+02
1.49895e+09,3.81150e+02
1.49956e+09,3.80900e+02
1.50016e+09,3.80630e+02
1.50077e+09,3.80360e+02
1.50137e+09,3.79860e+02
1.50198e+09,3.79210e+02
1.50258e+09,3.78970e+02
1.50319e+09,3.78400e+02
1.50379e+09,3.77690e+02
1.50440e+09,3.77820e+02
1.50500e+09,3.76330e+02
1.50561e+09,3.76140e+02
1.50621e+09,3.75950e+02
1.50682e+09,3.76330e+02
1.50742e+09,3.76440e+02
1.50803e+09,3.77120e+02
1.50863e+09,3.77310e+02
1.50924e+09,3.77240e+02
1.50984e+09,3.77760e+02
1.51044e+09,3.78070e+02
1.51105e+09,3.78750e+02
1.51165e+09,3.78770e+02
1.51226e+09,3.79410e+02
1.51286e+09,3.80090e+02
1.51347e+09,3.80090e+02
1.51407e+09,3.80140e+02
1.51468e+09,3.80430e+02
1.51528e+09,3.81280e+02
1.51589e+09,3.81410e+02
1.51649e+09,3.81570e+02
1.51710e+09,3.81470e+02
1.51770e+09,3.82040e+02
1.51952e+09,3.81860e+02
1.52012e+09,3.82390e+02
1.52073e+09,3.82550e+02
1.52133e+09,3.82740e+02
1.52194e+09,3.82550e+02
1.52254e+09,3.82970e+02
1.52315e+09,3.84650e+02
1.52375e+09,3.84670e+02
1.52436e+09,3.84710e+02
1.52496e+09,3.84620e+02
1.52556e+09,3.84910e+02
1.52617e+09,3.84870e+02
1.52677e+09,3.85340e+02
1.52738e+09,3.84300e+02
1.52798e+09,3.84290e+02
1.52859e+09,3.84310e+02
1.52919e+09,3.84070e+02
1.52980e+09,3.83550e+02
1.53040e+09,3.83000e+02
1.53101e+09,3.82780e+02
1.53161e+09,3.81280e+02
1.53222e+09,3.81810e+02
1.53282e+09,3.81550e+02
1.53343e+09,3.81220e+02
1.53403e+09,3.80630e+02
1.53464e+09,3.80200e+02
1.53524e+09,3.79770e+02
1.53585e+09,3.79520e+02
1.53645e+09,3.78660e+02
1.53706e+09,3.78800e+02
1.53766e+09,3.78490e+02
1.53827e+09,3.79000e+02
1.53887e+09,3.78780e+02
1.53948e+09,3.79140e+02
1.54008e+09,3.79220e+02
1.54068e+09,3.79570e+02
1.54129e+09,3.79670e+02
1.54189e+09,3.79810e+02
1.54250e+09,3.79980e+02
1.54310e+09,3.81420e+02
1.54371e+09,3.81310e+02
1.54431e+09,3.81600e+02
1.54492e+09,3.81810e+02
1.54552e+09,3.81960e+02
1.54613e+09,3.81760e+02
1.54673e+09,3.82640e+02
1.54734e+09,3.82360e+02
1.54794e+09,3.81840e+02
1.54915e+09,3.83090e+02
1.54976e+09,3.83600e+02
1.55036e+09,3.84220e+02
1.55097e+09,3.83760e+02
1.55157e+09,3.83710e+02
1.55218e+09,3.83640e+02
1.55278e+09,3.84280e+02
1.55339e+09,3.84960e+02
1.55399e+09,3.85930e+02
1.55460e+09,3.85460e+02
1.55520e+09,3.86300e+02
1.55580e+09,3.87000e+02
1.55641e+09,3.86420e+02
1.55701e+09,3.85850e+02
1.55762e+09,3.86540e+02
1.55822e+09,3.86030e+02
1.55883e+09,3.86930e+02
1.55943e+09,3.86600e+02
1.56004e+09,3.86230e+02
1.56064e+09,3.86290e+02
1.56125e+09,3.84950e+02
1.56185e+09,3.84850e+02
1.56246e+09,3.84920e+02
1.56306e+09,3.84750e+02
1.56367e+09,3.83970e+02
1.56427e+09,3.83410e+02
1.56488e+09,3.82510e+02
1.56548e+09,3.81720e+02
1.56609e+09,3.81600e+02
1.56669e+09,3.81670e+02
1.56730e+09,3.81690e+02
1.56790e+09,3.80740e+02
1.56851e+09,3.80750e+02
1.56911e+09,3.80940e+02
1.56972e+09,3.80800e+02
1.57032e+09,3.80680e+02
1.57092e+09,3.80680e+02
1.57153e+09,3.81100e+02
1.57213e+09,3.81360e+02
1.57274e+09,3.81760e+02
1.57334e+09,3.81920e+02
1.57395e+09,3.82430e+02
1.57455e+09,3.82910e+02
1.57516e+09,3.82900e+02
1.57576e+09,3.83310e+02
1.57637e+09,3.83790e+02
1.57697e+09,3.83900e+02
1.57758e+09,3.84040e+02
1.57818e+09,3.84360e+02
1.57879e+09,3.84410e+02
1.57939e+09,3.85470e+02
1.58000e+09,3.86060e+02
1.58060e+09,3.86190e+02
1.58121e+09,3.85720e+02
1.58181e+09,3.85580e+02
1.58242e+09,3.85240e+02
1.58302e+09,3.84880e+02
1.58363e+09,3.85880e+02
1.58423e+09,3.85640e+02
1.58484e+09,3.86170e+02
1.58544e+09,3.86700e+02
1.58604e+09,3.88000e+02
1.58665e+09,3.85900e+02
1.58725e+09,3.86380e+02
1.58786e+09,3.87190e+02
1.58846e+09,3.86940e+02
1.58907e+09,3.88900e+02
1.58967e+09,3.88840e+02
1.59028e+09,3.88530e+02
1.59088e+09,3.88480e+02
1.59149e+09,3.88160e+02
1.59209e+09,3.87790e+02
1.59270e+09,3.87540e+02
1.59330e+09,3.88110e+02
1.59391e+09,3.87080e+02
1.59451e+09,3.86110e+02
1.59512e+09,3.85730e+02
1.59572e+09,3.85960e+02
1.59633e+09,3.84910e+02
1.59693e+09,3.84680e+02
1.59754e+09,3.83890e+02
1.59814e+09,3.83550e+02
1.59875e+09,3.83160e+02
1.59935e+09,3.83180e+02
1.59996e+09,3.83370e+02
1.60056e+09,3.82980e+02
1.60116e+09,3.82920e+02
1.60177e+09,3.82660e+02
1.60237e+09,3.82720e+02
1.60298e+09,3.82960e+02
1.60358e+09,3.82940e+02
1.60419e+09,3.83610e+02
1.60479e+09,3.83600e+02
1.60540e+09,3.84030e+02
1.60600e+09,3.84320e+02
1.60661e+09,3.84460e+02
1.60721e+09,3.84770e+02
1.60782e+09,3.84890e+02
1.60842e+09,3.85150e+02
1.60903e+09,3.85800e+02
1.60963e+09,3.86010e+02
1.61024e+09,3.86530e+02
1.61084e+09,3.86640e+02
1.61145e+09,3.87050e+02
1.61205e+09,3.87260e+02
1.61266e+09,3.86510e+02
1.61326e+09,3.87440e+02
1.61387e+09,3.87400e+02
1.61447e+09,3.87480e+02
1.61508e+09,3.88540e+02
1.61568e+09,3.88640e+02
1.61628e+09,3.88440e+02
1.61689e+09,3.89170e+02
1.61749e+09,3.89390e+02
1.61810e+09,3.89740e+02
1.61870e+09,3.88670e+02
1.61931e+09,3.90370e+02
1.61991e+09,3.90160e+02
1.62052e+09,3.89870e+02
1.62112e+09,3.90300e+02
1.62173e+09,3.90760e+02
1.62233e+09,3.89350e+02
1.62294e+09,3.90460e+02
1.62354e+09,3.90010e+02
1.62415e+09,3.88880e+02
1.62475e+09,3.88720e+02
1.62536e+09,3.88300e+02
1.62596e+09,3.88680e+02
1.62657e+09,3.88030e+02
1.62717e+09,3.87480e+02
1.62778e+09,3.87160e+02
1.62838e+09,3.86670e+02
1.62899e+09,3.85270e+02
1.62959e+09,3.86050e+02
1.63020e+09,3.85650e+02
1.63080e+09,3.85300e+02
1.63140e+09,3.84480e+02
1.63201e+09,3.84610e+02
1.63261e+09,3.84510e+02
1.63322e+09,3.83430e+02
1.63382e+09,3.84280e+02
1.63443e+09,3.84550e+02
1.63503e+09,3.84790e+02
1.63564e+09,3.85180e+02
1.63624e+09,3.85600e+02
1.63685e+09,3.86090e+02
1.63745e+09,3.86310e+02
1.63806e+09,3.86730e+02
1.63866e+09,3.86910e+02
1.63927e+09,3.86810e+02
1.63987e+09,3.88040e+02
1.64048e+09,3.88190e+02
1.64108e+09,3.88410e+02
1.64169e+09,3.88170e+02
1.64229e+09,3.88690e+02
1.64290e+09,3.88590e+02
1.64350e+09,3.89040e+02
1.64411e+09,3.90910e+02
1.64471e+09,3.89780e+02
1.64532e+09,3.90840e+02
1.64592e+09,3.89380e+02
1.64652e+09,3.91070e+02
1.64713e+09,3.91370e+02
1.64773e+09,3.91550e+02
1.64834e+09,3.90080e+02
1.64894e+09,3.91150e+02
1.64955e+09,3.91600e+02
1.65015e+09,3.93270e+02
1.65076e+09,3.93270e+02
1.65136e+09,3.92990e+02
1.65197e+09,3.92970e+02
1.65257e+09,3.93130e+02
1.65318e+09,3.93550e+02
1.65378e+09,3.93020e+02
1.65439e+09,3.93080e+02
1.65499e+09,3.92350e+02
1.65560e+09,3.91730e+02
1.65620e+09,3.91460e+02
1.65681e+09,3.91010e+02
1.65741e+09,3.90200e+02
1.65802e+09,3.89910e+02
1.65862e+09,3.90120e+02
1.65923e+09,3.89490e+02
1.65983e+09,3.89060e+02
1.66044e+09,3.88760e+02
1.66104e+09,3.88120e+02
1.66164e+09,3.87420e+02
1.66225e+09,3.86910e+02
1.66285e+09,3.86850e+02
1.66346e+09,3.86970e+02
1.66406e+09,3.86870e+02
1.66467e+09,3.86750e+02
1.66527e+09,3.86980e+02
1.66588e+09,3.87030e+02
1.66648e+09,3.87800e+02
1.66709e+09,3.87780e+02
1.66769e+09,3.87950e+02
1.66830e+09,3.88270e+02
1.66890e+09,3.89110e+02
1.66951e+09,3.89590e+02
1.67011e+09,3.89880e+02
1.67072e+09,3.89750e+02
1.67132e+09,3.89580e+02
1.67193e+09,3.89960e+02
1.67253e+09,3.90500e+02
1.67314e+09,3.91610e+02
1.67374e+09,3.91060e+02
1.67435e+09,3.91250e+02
1.67495e+09,3.92000e+02
1.67556e+09,3.91890e+02
1.67616e+09,3.91520e+02
1.67676e+09,3.91820e+02
1.67737e+09,3.92500e+02
1.67797e+09,3.91590e+02
1.67858e+09,3.91940e+02
1.67918e+09,3.92430e+02
1.67979e+09,3.94110e+02
1.68039e+09,3.93400e+02
1.68100e+09,3.92710e+02
1.68160e+09,3.93730e+02
1.68221e+09,3.93220e+02
1.68281e+09,3.93590e+02
1.68342e+09,3.93360e+02
1.68402e+09,3.93840e+02
1.68463e+09,3.95120e+02
1.68523e+09,3.94490e+02
1.68584e+09,3.94080e+02
1.68644e+09,3.93420e+02
1.68705e+09,3.93920e+02
1.68765e+09,3.93370e+02
1.68826e+09,3.93310e+02
1.68886e+09,3.93610e+02
1.68947e+09,3.92640e+02
1.69007e+09,3.91130e+02
1.69068e+09,3.91770e+02
1.69128e+09,3.90760e+02
1.69188e+09,3.90530e+02
1.69249e+09,3.89820e+02
1.69309e+09,3.89410e+02
1.69370e+09,3.89230e+02
1.69430e+09,3.89170e+02
1.69491e+09,3.89150e+02
1.69551e+09,3.88860e+02
1.69612e+09,3.88910e+02
1.69672e+09,3.88740e+02
1.69733e+09,3.88910e+02
1.69793e+09,3.89090e+02
1.69854e+09,3.89450e+02
1.69914e+09,3.89640e+02
1.69975e+09,3.90240e+02
1.70035e+09,3.90440e+02
1.70096e+09,3.90770e+02
1.70156e+09,3.91080e+02
1.70217e+09,3.91700e+02
1.70277e+09,3.92240e+02
1.70338e+09,3.92090e+02
1.70398e+09,3.92260e+02
1.70459e+09,3.92920e+02
1.70519e+09,3.93610e+02
1.70580e+09,3.93040e+02
1.70640e+09,3.93030e+02
1.70700e+09,3.92430e+02
1.70761e+09,3.93450e+02
1.70821e+09,3.93970e+02
1.70882e+09,3.93620e+02
1.70942e+09,3.94170e+02
1.71003e+09,3.93380e+02
1.71063e+09,3.94790e+02
1.71124e+09,3.95150e+02
1.71184e+09,3.94910e+02
1.71245e+09,3.96450e+02
1.71305e+09,3.96380e+02
1.71366e+09,3.96560e+02
1.71426e+09,3.96700e+02
1.71487e+09,3.97080e+02
1.71547e+09,3.97280e+02
1.71608e+09,3.96560e+02
1.71668e+09,3.96280e+02
1.71729e+09,3.96030e+02
1.71789e+09,3.96020e+02
1.71850e+09,3.95860e+02
1.71910e+09,3.95730e+02
1.71971e+09,3.95410e+02
1.72031e+09,3.94860e+02
1.72092e+09,3.94590e+02
1.72152e+09,3.94350e+02
1.72212e+09,3.93600e+02
1.72273e+09,3.93390e+02
1.72333e+09,3.92930e+02
1.72394e+09,3.92310e+02
1.72454e+09,3.91700e+02
1.72515e+09,3.91980e+02
1.72575e+09,3.91000e+02
1.72636e+09,3.91030e+02
1.72696e+09,3.91020e+02
1.72757e+09,3.90990e+02
1.72938e+09,3.91290e+02
1.72999e+09,3.91460e+02
1.73059e+09,3.91760e+02
1.73120e+09,3.92770e+02
1.73180e+09,3.93420e+02
1.73241e+09,3.93360e+02
1.73301e+09,3.93610e+02
1.73362e+09,3.94050e+02
1.73422e+09,3.94460e+02
1.73483e+09,3.94830e+02
1.73543e+09,3.94620e+02
1.73604e+09,3.94990e+02
1.73664e+09,3.95570e+02
1.73724e+09,3.96210e+02
1.73785e+09,3.95640e+02
1.73845e+09,3.96390e+02
1.73906e+09,3.96460e+02
1.73966e+09,3.97310e+02
1.74027e+09,3.96880e+02
1.74087e+09,3.97130e+02
1.74148e+09,3.96640e+02
1.74208e+09,3.97250e+02
1.74269e+09,3.97210e+02
1.74329e+09,3.98390e+02
1.74390e+09,3.98050e+02
1.74450e+09,3.97430e+02
1.74511e+09,3.98760e+02
1.74571e+09,3.99330e+02
1.74632e+09,3.99640e+02
1.74692e+09,3.99780e+02
1.74753e+09,4.00040e+02
1.74813e+09,4.00220e+02
1.74874e+09,3.99430e+02
1.74934e+09,3.98910e+02
1.74995e+09,3.98580e+02
1.75055e+09,3.98500e+02
1.75116e+09,3.98650e+02
1.75176e+09,3.97560e+02
1.75236e+09,3.97480e+02
1.75297e+09,3.96830e+02
1.75357e+09,3.96980e+02
1.75418e+09,3.96610e+02
1.75478e+09,3.95550e+02
1.75539e+09,3.95240e+02
1.75599e+09,3.94730e+02
1.75660e+09,3.94330e+02
1.75720e+09,3.93520e+02
1.75781e+09,3.93250e+02
1.75841e+09,3.93530e+02
1.75902e+09,3.93220e+02
1.75962e+09,3.93470e+02
1.76023e+09,3.93520e+02
1.76083e+09,3.93930e+02
1.76144e+09,3.94130e+02
1.76204e+09,3.94390e+02
1.76265e+09,3.95250e+02
1.76325e+09,3.94850e+02
1.76386e+09,3.95660e+02
1.76446e+09,3.96060e+02
1.76507e+09,3.96270e+02
1.76567e+09,3.96520e+02
1.76628e+09,3.97300e+02
1.76688e+09,3.97590e+02
1.76748e+09,3.97900e+02
1.76809e+09,3.97820e+02
1.76869e+09,3.98130e+02
1.76930e+09,3.97750e+02
1.76990e+09,3.98020e+02
1.77051e+09,3.97980e+02
1.77111e+09,3.97790e+02
1.77172e+09,3.98240e+02
1.77232e+09,3.97920e+02
1.77293e+09,3.98880e+02
1.77353e+09,4.00680e+02
1.77414e+09,3.99620e+02
1.77474e+09,4.00340e+02
1.77535e+09,4.01320e+02
1.77595e+09,4.01220e+02
1.77656e+09,4.01290e+02
1.77716e+09,4.01420e+02
1.77777e+09,4.01740e+02
1.77837e+09,4.01510e+02
1.77898e+09,4.02180e+02
1.77958e+09,4.01440e+02
1.78019e+09,4.02120e+02
1.78079e+09,4.01550e+02
1.78140e+09,4.01310e+02
1.78200e+09,4.01210e+02
1.78260e+09,4.00570e+02
1.78321e+09,4.00060e+02
1.78381e+09,3.99580e+02
1.78442e+09,3.98540e+02
1.78502e+09,3.97860e+02
1.78563e+09,3.97860e+02
1.78623e+09,3.97450e+02
1.78684e+09,3.97230e+02
1.78744e+09,3.96750e+02
1.78805e+09,3.96370e+02
1.78865e+09,3.96350e+02
1.78926e+09,3.94800e+02
1.78986e+09,3.95320e+02
1.79047e+09,3.95550e+02
1.79107e+09,3.95570e+02
1.79168e+09,3.95490e+02
1.79228e+09,3.95720e+02
1.79289e+09,3.95910e+02
1.79349e+09,3.96520e+02
1.79410e+09,3.96900e+02
1.79470e+09,3.97340e+02
1.79531e+09,3.97240e+02
1.79591e+09,3.98100e+02
1.79652e+09,3.98260e+02
1.79712e+09,3.98920e+02
1.79772e+09,3.99090e+02
1.79833e+09,3.99010e+02
1.79893e+09,3.99920e+02
1.79954e+09,3.99860e+02
1.80014e+09,3.99720e+02
1.80075e+09,3.99980e+02
1.80135e+09,4.00200e+02
1.80196e+09,4.00020e+02
1.80256e+09,4.00150e+02
1.80317e+09,4.00360e+02
1.80377e+09,4.01030e+02
1.80438e+09,4.01630e+02
1.80498e+09,4.01800e+02
1.80559e+09,4.00790e+02
1.80619e+09,4.02500e+02
1.80680e+09,4.02740e+02
1.80740e+09,4.03880e+02
1.80801e+09,4.03800e+02
1.80861e+09,4.03220e+02
1.80922e+09,4.04070e+02
1.80982e+09,4.04090e+02
1.81043e+09,4.04310e+02
1.81103e+09,4.03850e+02
1.81164e+09,4.03810e+02
1.81224e+09,4.03450e+02
1.81284e+09,4.02720e+02
1.81345e+09,4.02630e+02
1.81405e+09,4.02360e+02
1.81466e+09,4.02250e+02
1.81526e+09,4.01710e+02
1.81587e+09,4.01020e+02
1.81647e+09,4.01300e+02
1.81708e+09,3.98740e+02
1.81768e+09,3.99210e+02
1.81829e+09,3.99120e+02
1.81889e+09,3.99030e+02
1.81950e+09,3.98800e+02
1.82010e+09,3.98160e+02
1.82071e+09,3.97100e+02
1.82131e+09,3.97570e+02
1.82192e+09,3.97420e+02
1.82252e+09,3.97740e+02
1.82313e+09,3.98510e+02
1.82373e+09,3.98610e+02
1.82434e+09,3.98430e+02
1.82494e+09,3.98870e+02
1.82555e+09,3.99530e+02
1.82615e+09,4.00750e+02
1.82676e+09,4.00420e+02
1.82736e+09,4.00830e+02
1.82796e+09,4.00910e+02
1.82857e+09,4.02400e+02
1.82917e+09,4.02320e+02
1.82978e+09,4.02010e+02
1.83038e+09,4.02250e+02
1.83099e+09,4.02230e+02
1.83159e+09,4.02680e+02
1.83220e+09,4.03260e+02
1.83280e+09,4.02790e+02
1.83341e+09,4.04980e+02
1.83401e+09,4.03220e+02
1.83462e+09,4.04590e+02
1.83522e+09,4.03980e+02
1.83583e+09,4.03990e+02
1.83643e+09,4.04510e+02
1.83704e+09,4.05010e+02
1.83764e+09,4.06160e+02
1.83825e+09,4.05700e+02
1.83885e+09,4.08560e+02
1.83946e+09,4.08160e+02
1.84006e+09,4.07700e+02
1.84067e+09,4.07840e+02
1.84127e+09,4.07510e+02
1.84188e+09,4.07540e+02
1.84248e+09,4.07410e+02
1.84308e+09,4.07920e+02
1.84369e+09,4.07520e+02
1.84429e+09,4.06990e+02
1.84490e+09,4.07020e+02
1.84550e+09,4.06400e+02
1.84611e+09,4.05960e+02
1.84671e+09,4.04930e+02
1.84732e+09,4.03640e+02
1.84792e+09,4.03710e+02
1.84853e+09,4.03760e+02
1.84913e+09,4.03220e+02
1.84974e+09,4.02110e+02
1.85034e+09,4.01780e+02
1.85095e+09,4.01430e+02
1.85155e+09,4.01270e+02
1.85216e+09,4.01130e+02
1.85276e+09,4.01250e+02
1.85337e+09,4.00850e+02
1.85397e+09,4.00820e+02
1.85458e+09,4.01200e+02
1.85518e+09,4.01700e+02
1.85579e+09,4.01820e+02
1.85639e+09,4.02380e+02
1.85700e+09,4.03150e+02
1.85760e+09,4.03120e+02
1.85820e+09,4.03950e+02
1.85881e+09,4.04440e+02
1.85941e+09,4.04160e+02
1.86002e+09,4.04280e+02
1.86062e+09,4.04630e+02
1.86123e+09,4.04660e+02
1.86183e+09,4.05380e+02
1.86244e+09,4.05940e+02
1.86304e+09,4.05910e+02
1.86365e+09,4.06370e+02
1.86425e+09,4.06350e+02
1.86486e+09,4.06200e+02
1.86546e+09,4.06020e+02
1.86607e+09,4.06170e+02
1.86667e+09,4.08070e+02
1.86728e+09,4.07060e+02
1.86788e+09,4.06530e+02
1.86849e+09,4.06730e+02
1.86909e+09,4.07890e+02
1.86970e+09,4.08660e+02
1.87030e+09,4.07190e+02
1.87091e+09,4.09120e+02
1.87151e+09,4.09890e+02
1.87212e+09,4.09040e+02
1.87272e+09,4.09540e+02
1.87332e+09,4.09830e+02
1.87393e+09,4.10180e+02
1.87453e+09,4.09880e+02
1.87514e+09,4.09670e+02
1.87574e+09,4.09620e+02
1.87635e+09,4.08820e+02
1.87695e+09,4.08430e+02
1.87756e+09,4.07770e+02
1.87816e+09,4.07560e+02
1.87877e+09,4.07110e+02
1.87937e+09,4.06760e+02
1.87998e+09,4.06920e+02
